rule,level,message,stock,ph,mid_trend_state,Date,allocation_regime,hold_reason
midtrend_bear_high_stock,WARNING,mid_trend=BEAR but stock>=80%. Check trend context or policy override.,1.0,0.1074,BEAR,2013-01-02,NORMAL,initial
midtrend_bear_high_stock,WARNING,mid_trend=BEAR but stock>=80%. Check trend context or policy override.,1.0,0.1093,BEAR,2013-01-09,NORMAL,strong_offensive_override
midtrend_bear_high_stock,WARNING,mid_trend=BEAR but stock>=80%. Check trend context or policy override.,1.0,0.1083,BEAR,2013-01-10,NORMAL,strong_offensive_override
midtrend_bear_high_stock,WARNING,mid_trend=BEAR but stock>=80%. Check trend context or policy override.,1.0,0.107,BEAR,2013-01-11,NORMAL,strong_offensive_override
midtrend_bear_high_stock,WARNING,mid_trend=BEAR but stock>=80%. Check trend context or policy override.,1.0,0.1047,BEAR,2013-01-14,NORMAL,strong_offensive_override
midtrend_bear_high_stock,WARNING,mid_trend=BEAR but stock>=80%. Check trend context or policy override.,1.0,0.1023,BEAR,2013-01-15,NORMAL,strong_offensive_override
midtrend_bear_high_stock,WARNING,mid_trend=BEAR but stock>=80%. Check trend context or policy override.,1.0,0.1003,BEAR,2013-01-16,NORMAL,strong_offensive_override
midtrend_bear_high_stock,WARNING,mid_trend=BEAR but stock>=80%. Check trend context or policy override.,1.0,0.1051,BEAR,2013-01-23,NORMAL,strong_offensive_override
midtrend_bear_high_stock,WARNING,mid_trend=BEAR but stock>=80%. Check trend context or policy override.,0.86,0.1095,BEAR,2013-02-04,CUSTOM,not_rebalance_day
midtrend_bear_high_stock,WARNING,mid_trend=BEAR but stock>=80%. Check trend context or policy override.,0.86,0.0975,BEAR,2013-04-02,CUSTOM,not_rebalance_day
midtrend_bear_high_stock,WARNING,mid_trend=BEAR but stock>=80%. Check trend context or policy override.,0.86,0.0926,BEAR,2013-04-03,CUSTOM,not_rebalance_day
midtrend_bear_high_stock,WARNING,mid_trend=BEAR but stock>=80%. Check trend context or policy override.,0.86,0.0911,BEAR,2013-04-04,CUSTOM,not_rebalance_day
midtrend_bear_high_stock,WARNING,mid_trend=BEAR but stock>=80%. Check trend context or policy override.,1.0,0.0751,BEAR,2013-11-07,NORMAL,strong_offensive_override
midtrend_bear_high_stock,WARNING,mid_trend=BEAR but stock>=80%. Check trend context or policy override.,0.86,0.2117,BEAR,2014-07-28,CUSTOM,not_rebalance_day
midtrend_bear_high_stock,WARNING,mid_trend=BEAR but stock>=80%. Check trend context or policy override.,0.86,0.2404,BEAR,2014-07-29,CUSTOM,no_trade_band
midtrend_bear_high_stock,WARNING,mid_trend=BEAR but stock>=80%. Check trend context or policy override.,0.86,0.2672,BEAR,2014-07-30,CUSTOM,not_rebalance_day
midtrend_bear_high_stock,WARNING,mid_trend=BEAR but stock>=80%. Check trend context or policy override.,0.86,0.2863,BEAR,2014-07-31,CUSTOM,not_rebalance_day
midtrend_bear_high_stock,WARNING,mid_trend=BEAR but stock>=80%. Check trend context or policy override.,0.86,0.2815,BEAR,2014-08-01,CUSTOM,not_rebalance_day
midtrend_bear_high_stock,WARNING,mid_trend=BEAR but stock>=80%. Check trend context or policy override.,0.86,0.2727,BEAR,2014-08-04,CUSTOM,not_rebalance_day
midtrend_bear_high_stock,WARNING,mid_trend=BEAR but stock>=80%. Check trend context or policy override.,0.86,0.2565,BEAR,2014-08-05,CUSTOM,no_trade_band
midtrend_bear_high_stock,WARNING,mid_trend=BEAR but stock>=80%. Check trend context or policy override.,0.86,0.2445,BEAR,2014-08-06,CUSTOM,not_rebalance_day
midtrend_bear_high_stock,WARNING,mid_trend=BEAR but stock>=80%. Check trend context or policy override.,0.86,0.2366,BEAR,2014-08-07,CUSTOM,not_rebalance_day
midtrend_bear_high_stock,WARNING,mid_trend=BEAR but stock>=80%. Check trend context or policy override.,0.86,0.2945,BEAR,2014-09-29,CUSTOM,not_rebalance_day
midtrend_bear_high_stock,WARNING,mid_trend=BEAR but stock>=80%. Check trend context or policy override.,0.86,0.3023,BEAR,2014-09-30,CUSTOM,not_rebalance_day
midtrend_bear_high_stock,WARNING,mid_trend=BEAR but stock>=80%. Check trend context or policy override.,0.86,0.2977,BEAR,2014-10-06,CUSTOM,not_rebalance_day
midtrend_bear_high_stock,WARNING,mid_trend=BEAR but stock>=80%. Check trend context or policy override.,0.86,0.3073,BEAR,2014-10-07,CUSTOM,not_rebalance_day
midtrend_bear_high_stock,WARNING,mid_trend=BEAR but stock>=80%. Check trend context or policy override.,0.96,0.2809,BEAR,2014-10-08,NORMAL,strong_offensive_override
midtrend_bear_high_stock,WARNING,mid_trend=BEAR but stock>=80%. Check trend context or policy override.,0.96,0.291,BEAR,2014-10-09,NORMAL,strong_offensive_override
midtrend_bear_high_stock,WARNING,mid_trend=BEAR but stock>=80%. Check trend context or policy override.,0.96,0.3082,BEAR,2014-10-10,CUSTOM,not_rebalance_day
midtrend_bear_high_stock,WARNING,mid_trend=BEAR but stock>=80%. Check trend context or policy override.,0.96,0.3199,BEAR,2014-10-13,CUSTOM,not_rebalance_day
midtrend_bear_high_stock,WARNING,mid_trend=BEAR but stock>=80%. Check trend context or policy override.,0.96,0.3281,BEAR,2014-10-14,CUSTOM,not_rebalance_day
midtrend_bear_high_stock,WARNING,mid_trend=BEAR but stock>=80%. Check trend context or policy override.,0.82,0.3335,BEAR,2014-10-15,NORMAL,scheduled
midtrend_bear_high_stock,WARNING,mid_trend=BEAR but stock>=80%. Check trend context or policy override.,0.82,0.3374,BEAR,2014-10-16,CUSTOM,not_rebalance_day
midtrend_bear_high_stock,WARNING,mid_trend=BEAR but stock>=80%. Check trend context or policy override.,0.82,0.3411,BEAR,2014-10-17,CUSTOM,not_rebalance_day
midtrend_bear_high_stock,WARNING,mid_trend=BEAR but stock>=80%. Check trend context or policy override.,0.82,0.3434,BEAR,2014-10-20,CUSTOM,not_rebalance_day
midtrend_bear_high_stock,WARNING,mid_trend=BEAR but stock>=80%. Check trend context or policy override.,0.82,0.3103,BEAR,2014-10-21,CUSTOM,not_rebalance_day
midtrend_bear_high_stock,WARNING,mid_trend=BEAR but stock>=80%. Check trend context or policy override.,0.82,0.3057,BEAR,2014-10-22,CUSTOM,no_trade_band
midtrend_bear_high_stock,WARNING,mid_trend=BEAR but stock>=80%. Check trend context or policy override.,0.82,0.2887,BEAR,2014-10-23,CUSTOM,not_rebalance_day
midtrend_bear_high_stock,WARNING,mid_trend=BEAR but stock>=80%. Check trend context or policy override.,0.82,0.2745,BEAR,2014-10-24,CUSTOM,not_rebalance_day
midtrend_bear_high_stock,WARNING,mid_trend=BEAR but stock>=80%. Check trend context or policy override.,0.82,0.2626,BEAR,2014-10-27,CUSTOM,not_rebalance_day
midtrend_bear_high_stock,WARNING,mid_trend=BEAR but stock>=80%. Check trend context or policy override.,0.82,0.3721,BEAR,2015-01-28,CUSTOM,not_rebalance_day
midtrend_bear_high_stock,WARNING,mid_trend=BEAR but stock>=80%. Check trend context or policy override.,1.0,0.4173,BEAR,2015-01-30,NORMAL,strong_offensive_override
midtrend_bear_high_stock,WARNING,mid_trend=BEAR but stock>=80%. Check trend context or policy override.,1.0,0.4461,BEAR,2015-02-02,NORMAL,strong_offensive_override
midtrend_bear_high_stock,WARNING,mid_trend=BEAR but stock>=80%. Check trend context or policy override.,0.96,0.4164,BEAR,2015-05-08,NORMAL,strong_offensive_override
midtrend_bear_high_stock,WARNING,mid_trend=BEAR but stock>=80%. Check trend context or policy override.,1.0,0.4978,BEAR,2015-05-11,NORMAL,strong_offensive_override
midtrend_bear_high_stock,WARNING,mid_trend=BEAR but stock>=80%. Check trend context or policy override.,1.0,0.5503,BEAR,2015-05-12,WATCH,strong_offensive_override
midtrend_bear_high_stock,WARNING,mid_trend=BEAR but stock>=80%. Check trend context or policy override.,0.96,0.5898,BEAR,2015-05-13,WATCH,strong_offensive_override
midtrend_bear_high_stock,WARNING,mid_trend=BEAR but stock>=80%. Check trend context or policy override.,0.96,0.6162,BEAR,2015-05-14,WATCH,strong_offensive_override
highvol_high_stock,WARNING,prob_high_vol>0.60 but stock>=80%.,0.96,0.6162,BEAR,2015-05-14,WATCH,strong_offensive_override
midtrend_bear_high_stock,WARNING,mid_trend=BEAR but stock>=80%. Check trend context or policy override.,0.96,0.6371,BEAR,2015-05-15,WATCH,strong_offensive_override
highvol_high_stock,WARNING,prob_high_vol>0.60 but stock>=80%.,0.96,0.6371,BEAR,2015-05-15,WATCH,strong_offensive_override
midtrend_bear_high_stock,WARNING,mid_trend=BEAR but stock>=80%. Check trend context or policy override.,0.96,0.6567,BEAR,2015-05-18,WATCH,strong_offensive_override
highvol_high_stock,WARNING,prob_high_vol>0.60 but stock>=80%.,0.96,0.6567,BEAR,2015-05-18,WATCH,strong_offensive_override
midtrend_bear_high_stock,WARNING,mid_trend=BEAR but stock>=80%. Check trend context or policy override.,0.96,0.671,BEAR,2015-05-19,WATCH,strong_offensive_override
highvol_high_stock,WARNING,prob_high_vol>0.60 but stock>=80%.,0.96,0.671,BEAR,2015-05-19,WATCH,strong_offensive_override
midtrend_bear_high_stock,WARNING,mid_trend=BEAR but stock>=80%. Check trend context or policy override.,0.96,0.6817,BEAR,2015-05-20,CUSTOM,not_rebalance_day
highvol_high_stock,WARNING,prob_high_vol>0.60 but stock>=80%.,0.96,0.6817,BEAR,2015-05-20,CUSTOM,not_rebalance_day
midtrend_bear_high_stock,WARNING,mid_trend=BEAR but stock>=80%. Check trend context or policy override.,0.96,0.6593,BEAR,2015-05-21,WATCH,strong_offensive_override
highvol_high_stock,WARNING,prob_high_vol>0.60 but stock>=80%.,0.96,0.6593,BEAR,2015-05-21,WATCH,strong_offensive_override
midtrend_bear_high_stock,WARNING,mid_trend=BEAR but stock>=80%. Check trend context or policy override.,0.96,0.6064,BEAR,2015-05-22,WATCH,strong_offensive_override
highvol_high_stock,WARNING,prob_high_vol>0.60 but stock>=80%.,0.96,0.6064,BEAR,2015-05-22,WATCH,strong_offensive_override
midtrend_bear_high_stock,WARNING,mid_trend=BEAR but stock>=80%. Check trend context or policy override.,1.0,0.565,BEAR,2015-05-26,WATCH,strong_offensive_override
midtrend_bear_high_stock,WARNING,mid_trend=BEAR but stock>=80%. Check trend context or policy override.,1.0,0.486,BEAR,2015-05-27,NORMAL,strong_offensive_override
midtrend_bear_high_stock,WARNING,mid_trend=BEAR but stock>=80%. Check trend context or policy override.,1.0,0.3157,BEAR,2015-06-03,NORMAL,strong_offensive_override
midtrend_bear_high_stock,WARNING,mid_trend=BEAR but stock>=80%. Check trend context or policy override.,1.0,0.2994,BEAR,2015-06-08,NORMAL,strong_offensive_override
midtrend_bear_high_stock,WARNING,mid_trend=BEAR but stock>=80%. Check trend context or policy override.,1.0,0.3496,BEAR,2015-06-10,NORMAL,strong_offensive_override
midtrend_bear_high_stock,WARNING,mid_trend=BEAR but stock>=80%. Check trend context or policy override.,1.0,0.3534,BEAR,2015-06-11,NORMAL,strong_offensive_override
midtrend_bear_high_stock,WARNING,mid_trend=BEAR but stock>=80%. Check trend context or policy override.,1.0,0.3953,BEAR,2015-06-12,NORMAL,strong_offensive_override
midtrend_bear_high_stock,WARNING,mid_trend=BEAR but stock>=80%. Check trend context or policy override.,1.0,0.43,BEAR,2015-06-15,NORMAL,strong_offensive_override
midtrend_bear_high_stock,WARNING,mid_trend=BEAR but stock>=80%. Check trend context or policy override.,1.0,0.4318,BEAR,2015-06-16,NORMAL,strong_offensive_override
midtrend_bear_high_stock,WARNING,mid_trend=BEAR but stock>=80%. Check trend context or policy override.,1.0,0.4204,BEAR,2015-06-17,NORMAL,strong_offensive_override
midtrend_bear_high_stock,WARNING,mid_trend=BEAR but stock>=80%. Check trend context or policy override.,1.0,0.39,BEAR,2015-06-23,NORMAL,strong_offensive_override
midtrend_bear_high_stock,WARNING,mid_trend=BEAR but stock>=80%. Check trend context or policy override.,1.0,0.3969,BEAR,2015-06-24,NORMAL,strong_offensive_override
midtrend_bear_high_stock,WARNING,mid_trend=BEAR but stock>=80%. Check trend context or policy override.,1.0,0.4091,BEAR,2015-06-25,NORMAL,strong_offensive_override
midtrend_bear_high_stock,WARNING,mid_trend=BEAR but stock>=80%. Check trend context or policy override.,1.0,0.4223,BEAR,2015-06-26,NORMAL,strong_offensive_override
midtrend_bear_high_stock,WARNING,mid_trend=BEAR but stock>=80%. Check trend context or policy override.,1.0,0.4423,BEAR,2015-06-29,NORMAL,strong_offensive_override
midtrend_bear_high_stock,WARNING,mid_trend=BEAR but stock>=80%. Check trend context or policy override.,1.0,0.4583,BEAR,2015-06-30,NORMAL,strong_offensive_override
midtrend_bear_high_stock,WARNING,mid_trend=BEAR but stock>=80%. Check trend context or policy override.,1.0,0.473,BEAR,2015-07-01,NORMAL,strong_offensive_override
midtrend_bear_high_stock,WARNING,mid_trend=BEAR but stock>=80%. Check trend context or policy override.,1.0,0.4835,BEAR,2015-07-02,NORMAL,strong_offensive_override
midtrend_bear_high_stock,WARNING,mid_trend=BEAR but stock>=80%. Check trend context or policy override.,1.0,0.4913,BEAR,2015-07-06,NORMAL,strong_offensive_override
midtrend_bear_high_stock,WARNING,mid_trend=BEAR but stock>=80%. Check trend context or policy override.,1.0,0.498,BEAR,2015-07-07,NORMAL,strong_offensive_override
midtrend_bear_high_stock,WARNING,mid_trend=BEAR but stock>=80%. Check trend context or policy override.,1.0,0.5026,BEAR,2015-07-08,NORMAL,strong_offensive_override
midtrend_bear_high_stock,WARNING,mid_trend=BEAR but stock>=80%. Check trend context or policy override.,1.0,0.5059,BEAR,2015-07-09,NORMAL,strong_offensive_override
midtrend_bear_high_stock,WARNING,mid_trend=BEAR but stock>=80%. Check trend context or policy override.,1.0,0.5078,BEAR,2015-07-10,NORMAL,strong_offensive_override
midtrend_bear_high_stock,WARNING,mid_trend=BEAR but stock>=80%. Check trend context or policy override.,1.0,0.5078,BEAR,2015-07-13,NORMAL,strong_offensive_override
midtrend_bear_high_stock,WARNING,mid_trend=BEAR but stock>=80%. Check trend context or policy override.,1.0,0.4889,BEAR,2015-07-14,NORMAL,strong_offensive_override
midtrend_bear_high_stock,WARNING,mid_trend=BEAR but stock>=80%. Check trend context or policy override.,1.0,0.4791,BEAR,2015-07-15,NORMAL,strong_offensive_override
midtrend_bear_high_stock,WARNING,mid_trend=BEAR but stock>=80%. Check trend context or policy override.,1.0,0.4682,BEAR,2015-07-16,NORMAL,strong_offensive_override
midtrend_bear_high_stock,WARNING,mid_trend=BEAR but stock>=80%. Check trend context or policy override.,1.0,0.4613,BEAR,2015-07-17,NORMAL,strong_offensive_override
midtrend_bear_high_stock,WARNING,mid_trend=BEAR but stock>=80%. Check trend context or policy override.,1.0,0.4842,BEAR,2015-07-20,NORMAL,strong_offensive_override
midtrend_bear_high_stock,WARNING,mid_trend=BEAR but stock>=80%. Check trend context or policy override.,1.0,0.4933,BEAR,2015-07-21,NORMAL,strong_offensive_override
midtrend_bear_high_stock,WARNING,mid_trend=BEAR but stock>=80%. Check trend context or policy override.,1.0,0.5065,BEAR,2015-07-22,NORMAL,strong_offensive_override
midtrend_bear_high_stock,WARNING,mid_trend=BEAR but stock>=80%. Check trend context or policy override.,1.0,0.5148,BEAR,2015-07-23,NORMAL,strong_offensive_override
midtrend_bear_high_stock,WARNING,mid_trend=BEAR but stock>=80%. Check trend context or policy override.,1.0,0.5167,BEAR,2015-07-24,NORMAL,strong_offensive_override
midtrend_bear_high_stock,WARNING,mid_trend=BEAR but stock>=80%. Check trend context or policy override.,1.0,0.5186,BEAR,2015-07-27,NORMAL,strong_offensive_override
midtrend_bear_high_stock,WARNING,mid_trend=BEAR but stock>=80%. Check trend context or policy override.,1.0,0.5209,BEAR,2015-07-28,NORMAL,strong_offensive_override
midtrend_bear_high_stock,WARNING,mid_trend=BEAR but stock>=80%. Check trend context or policy override.,1.0,0.5188,BEAR,2015-07-29,NORMAL,strong_offensive_override
midtrend_bear_high_stock,WARNING,mid_trend=BEAR but stock>=80%. Check trend context or policy override.,1.0,0.5198,BEAR,2015-07-30,NORMAL,strong_offensive_override
midtrend_bear_high_stock,WARNING,mid_trend=BEAR but stock>=80%. Check trend context or policy override.,1.0,0.5206,BEAR,2015-07-31,NORMAL,strong_offensive_override
midtrend_bear_high_stock,WARNING,mid_trend=BEAR but stock>=80%. Check trend context or policy override.,1.0,0.5146,BEAR,2015-08-03,NORMAL,strong_offensive_override
midtrend_bear_high_stock,WARNING,mid_trend=BEAR but stock>=80%. Check trend context or policy override.,1.0,0.5049,BEAR,2015-08-04,NORMAL,strong_offensive_override
midtrend_bear_high_stock,WARNING,mid_trend=BEAR but stock>=80%. Check trend context or policy override.,1.0,0.4976,BEAR,2015-08-05,NORMAL,strong_offensive_override
midtrend_bear_high_stock,WARNING,mid_trend=BEAR but stock>=80%. Check trend context or policy override.,1.0,0.4925,BEAR,2015-08-06,NORMAL,strong_offensive_override
midtrend_bear_high_stock,WARNING,mid_trend=BEAR but stock>=80%. Check trend context or policy override.,1.0,0.5052,BEAR,2015-08-24,NORMAL,strong_offensive_override
midtrend_bear_high_stock,WARNING,mid_trend=BEAR but stock>=80%. Check trend context or policy override.,1.0,0.573,BEAR,2015-08-25,WATCH,strong_offensive_override
highvol_high_stock,WARNING,prob_high_vol>0.60 but stock>=80%.,0.96,0.6265,BULL,2015-08-26,WATCH,strong_offensive_override
highvol_high_stock,WARNING,prob_high_vol>0.60 but stock>=80%.,0.96,0.6465,BULL,2015-08-27,WATCH,strong_offensive_override
highvol_high_stock,WARNING,prob_high_vol>0.60 but stock>=80%.,0.96,0.6619,BULL,2015-08-28,WATCH,strong_offensive_override
highvol_high_stock,WARNING,prob_high_vol>0.60 but stock>=80%.,0.8,0.6966,BULL,2015-08-31,WATCH,scheduled
highvol_high_stock,WARNING,prob_high_vol>0.60 but stock>=80%.,0.8,0.7201,BULL,2015-09-01,WATCH,no_trade_override_prob_high_vol_cross_0.70
highvol_high_stock,WARNING,prob_high_vol>0.60 but stock>=80%.,0.8,0.729,BULL,2015-09-02,CUSTOM,not_rebalance_day
highvol_high_stock,WARNING,prob_high_vol>0.60 but stock>=80%.,0.8,0.7356,BULL,2015-09-03,CUSTOM,not_rebalance_day
highvol_high_stock,WARNING,prob_high_vol>0.60 but stock>=80%.,0.8,0.7321,BULL,2015-09-04,CUSTOM,not_rebalance_day
highvol_high_stock,WARNING,prob_high_vol>0.60 but stock>=80%.,0.82,0.6424,BULL,2016-01-25,WATCH,scheduled
highvol_high_stock,WARNING,prob_high_vol>0.60 but stock>=80%.,0.82,0.6463,NEUTRAL,2016-01-26,CUSTOM,not_rebalance_day
highvol_high_stock,WARNING,prob_high_vol>0.60 but stock>=80%.,0.82,0.6488,NEUTRAL,2016-01-27,CUSTOM,not_rebalance_day
midtrend_bear_high_stock,WARNING,mid_trend=BEAR but stock>=80%. Check trend context or policy override.,0.82,0.6536,BEAR,2016-01-28,CUSTOM,not_rebalance_day
highvol_high_stock,WARNING,prob_high_vol>0.60 but stock>=80%.,0.82,0.6536,BEAR,2016-01-28,CUSTOM,not_rebalance_day
highvol_high_stock,WARNING,prob_high_vol>0.60 but stock>=80%.,0.82,0.6568,NEUTRAL,2016-01-29,CUSTOM,not_rebalance_day
highvol_high_stock,WARNING,prob_high_vol>0.60 but stock>=80%.,0.82,0.6515,NEUTRAL,2016-02-01,CUSTOM,no_trade_band
highvol_high_stock,WARNING,prob_high_vol>0.60 but stock>=80%.,0.82,0.673,NEUTRAL,2016-02-02,CUSTOM,not_rebalance_day
highvol_high_stock,WARNING,prob_high_vol>0.60 but stock>=80%.,0.82,0.6894,NEUTRAL,2016-02-03,CUSTOM,not_rebalance_day
midtrend_bear_high_stock,WARNING,mid_trend=BEAR but stock>=80%. Check trend context or policy override.,0.82,0.6444,BEAR,2016-02-04,CUSTOM,not_rebalance_day
highvol_high_stock,WARNING,prob_high_vol>0.60 but stock>=80%.,0.82,0.6444,BEAR,2016-02-04,CUSTOM,not_rebalance_day
midtrend_bear_high_stock,WARNING,mid_trend=BEAR but stock>=80%. Check trend context or policy override.,0.82,0.6409,BEAR,2016-02-05,CUSTOM,not_rebalance_day
highvol_high_stock,WARNING,prob_high_vol>0.60 but stock>=80%.,0.82,0.6409,BEAR,2016-02-05,CUSTOM,not_rebalance_day
midtrend_bear_high_stock,WARNING,mid_trend=BEAR but stock>=80%. Check trend context or policy override.,0.82,0.6565,BEAR,2016-02-08,CUSTOM,no_trade_band
highvol_high_stock,WARNING,prob_high_vol>0.60 but stock>=80%.,0.82,0.6565,BEAR,2016-02-08,CUSTOM,no_trade_band
midtrend_bear_high_stock,WARNING,mid_trend=BEAR but stock>=80%. Check trend context or policy override.,0.96,0.6633,BEAR,2016-02-09,WATCH,strong_offensive_override
highvol_high_stock,WARNING,prob_high_vol>0.60 but stock>=80%.,0.96,0.6633,BEAR,2016-02-09,WATCH,strong_offensive_override
midtrend_bear_high_stock,WARNING,mid_trend=BEAR but stock>=80%. Check trend context or policy override.,0.96,0.668,BEAR,2016-02-10,WATCH,strong_offensive_override
highvol_high_stock,WARNING,prob_high_vol>0.60 but stock>=80%.,0.96,0.668,BEAR,2016-02-10,WATCH,strong_offensive_override
midtrend_bear_high_stock,WARNING,mid_trend=BEAR but stock>=80%. Check trend context or policy override.,0.96,0.6643,BEAR,2016-02-11,WATCH,strong_offensive_override
highvol_high_stock,WARNING,prob_high_vol>0.60 but stock>=80%.,0.96,0.6643,BEAR,2016-02-11,WATCH,strong_offensive_override
midtrend_bear_high_stock,WARNING,mid_trend=BEAR but stock>=80%. Check trend context or policy override.,0.96,0.6642,BEAR,2016-02-12,WATCH,strong_offensive_override
highvol_high_stock,WARNING,prob_high_vol>0.60 but stock>=80%.,0.96,0.6642,BEAR,2016-02-12,WATCH,strong_offensive_override
midtrend_bear_high_stock,WARNING,mid_trend=BEAR but stock>=80%. Check trend context or policy override.,0.8,0.6807,BEAR,2016-02-16,WATCH,scheduled
highvol_high_stock,WARNING,prob_high_vol>0.60 but stock>=80%.,0.8,0.6807,BEAR,2016-02-16,WATCH,scheduled
midtrend_bear_high_stock,WARNING,mid_trend=BEAR but stock>=80%. Check trend context or policy override.,0.8,0.6886,BEAR,2016-02-17,CUSTOM,not_rebalance_day
highvol_high_stock,WARNING,prob_high_vol>0.60 but stock>=80%.,0.8,0.6886,BEAR,2016-02-17,CUSTOM,not_rebalance_day
midtrend_bear_high_stock,WARNING,mid_trend=BEAR but stock>=80%. Check trend context or policy override.,0.8,0.701,BEAR,2016-02-18,WATCH,no_trade_override_prob_high_vol_cross_0.70
highvol_high_stock,WARNING,prob_high_vol>0.60 but stock>=80%.,0.8,0.701,BEAR,2016-02-18,WATCH,no_trade_override_prob_high_vol_cross_0.70
highvol_high_stock,WARNING,prob_high_vol>0.60 but stock>=80%.,0.8,0.7071,NEUTRAL,2016-02-19,CUSTOM,not_rebalance_day
highvol_high_stock,WARNING,prob_high_vol>0.60 but stock>=80%.,0.8,0.7184,BULL,2016-02-22,CUSTOM,not_rebalance_day
highvol_high_stock,WARNING,prob_high_vol>0.60 but stock>=80%.,0.8,0.7223,BULL,2016-02-23,CUSTOM,no_trade_band
highvol_high_stock,WARNING,prob_high_vol>0.60 but stock>=80%.,0.82,0.6954,NEUTRAL,2016-03-08,WATCH,scheduled
highvol_high_stock,WARNING,prob_high_vol>0.60 but stock>=80%.,0.82,0.7011,BULL,2016-03-09,WATCH,no_trade_override_prob_high_vol_cross_0.70
highvol_high_stock,WARNING,prob_high_vol>0.60 but stock>=80%.,0.82,0.6951,BULL,2016-03-10,CUSTOM,not_rebalance_day
highvol_high_stock,WARNING,prob_high_vol>0.60 but stock>=80%.,0.82,0.7033,BULL,2016-03-11,WATCH,no_trade_override_prob_high_vol_cross_0.70
highvol_high_stock,WARNING,prob_high_vol>0.60 but stock>=80%.,0.82,0.7181,BULL,2016-03-14,CUSTOM,not_rebalance_day
highvol_high_stock,WARNING,prob_high_vol>0.60 but stock>=80%.,0.8,0.7771,BULL,2017-03-20,RISK_OFF,scheduled
highvol_high_stock,WARNING,prob_high_vol>0.60 but stock>=80%.,0.8,0.7985,NEUTRAL,2017-03-21,CUSTOM,not_rebalance_day
highvol_high_stock,WARNING,prob_high_vol>0.60 but stock>=80%.,0.8,0.81,BULL,2017-03-22,CUSTOM,no_trade_band
extreme_highvol_full_stock,HARD_CAP,prob_high_vol>0.80 but stock>=70%.,0.8,0.81,BULL,2017-03-22,CUSTOM,no_trade_band
midtrend_bear_high_stock,WARNING,mid_trend=BEAR but stock>=80%. Check trend context or policy override.,0.8,0.7996,BEAR,2017-04-18,RISK_OFF,scheduled
highvol_high_stock,WARNING,prob_high_vol>0.60 but stock>=80%.,0.8,0.7996,BEAR,2017-04-18,RISK_OFF,scheduled
midtrend_bear_high_stock,WARNING,mid_trend=BEAR but stock>=80%. Check trend context or policy override.,0.8,0.7583,BEAR,2017-04-19,CUSTOM,not_rebalance_day
highvol_high_stock,WARNING,prob_high_vol>0.60 but stock>=80%.,0.8,0.7583,BEAR,2017-04-19,CUSTOM,not_rebalance_day
midtrend_bear_high_stock,WARNING,mid_trend=BEAR but stock>=80%. Check trend context or policy override.,0.8,0.7238,BEAR,2017-04-20,CUSTOM,not_rebalance_day
highvol_high_stock,WARNING,prob_high_vol>0.60 but stock>=80%.,0.8,0.7238,BEAR,2017-04-20,CUSTOM,not_rebalance_day
midtrend_bear_high_stock,WARNING,mid_trend=BEAR but stock>=80%. Check trend context or policy override.,0.8,0.706,BEAR,2017-04-21,CUSTOM,not_rebalance_day
highvol_high_stock,WARNING,prob_high_vol>0.60 but stock>=80%.,0.8,0.706,BEAR,2017-04-21,CUSTOM,not_rebalance_day
midtrend_bear_high_stock,WARNING,mid_trend=BEAR but stock>=80%. Check trend context or policy override.,0.8,0.6905,BEAR,2017-04-24,CUSTOM,not_rebalance_day
highvol_high_stock,WARNING,prob_high_vol>0.60 but stock>=80%.,0.8,0.6905,BEAR,2017-04-24,CUSTOM,not_rebalance_day
midtrend_bear_high_stock,WARNING,mid_trend=BEAR but stock>=80%. Check trend context or policy override.,0.96,0.676,BEAR,2017-04-25,WATCH,strong_offensive_override
highvol_high_stock,WARNING,prob_high_vol>0.60 but stock>=80%.,0.96,0.676,BEAR,2017-04-25,WATCH,strong_offensive_override
midtrend_bear_high_stock,WARNING,mid_trend=BEAR but stock>=80%. Check trend context or policy override.,0.96,0.6722,BEAR,2017-04-26,WATCH,strong_offensive_override
highvol_high_stock,WARNING,prob_high_vol>0.60 but stock>=80%.,0.96,0.6722,BEAR,2017-04-26,WATCH,strong_offensive_override
highvol_high_stock,WARNING,prob_high_vol>0.60 but stock>=80%.,0.96,0.6669,NEUTRAL,2017-04-27,WATCH,strong_offensive_override
midtrend_bear_high_stock,WARNING,mid_trend=BEAR but stock>=80%. Check trend context or policy override.,0.96,0.6101,BEAR,2017-04-28,WATCH,strong_offensive_override
highvol_high_stock,WARNING,prob_high_vol>0.60 but stock>=80%.,0.96,0.6101,BEAR,2017-04-28,WATCH,strong_offensive_override
midtrend_bear_high_stock,WARNING,mid_trend=BEAR but stock>=80%. Check trend context or policy override.,0.96,0.6005,BEAR,2017-05-02,WATCH,strong_offensive_override
highvol_high_stock,WARNING,prob_high_vol>0.60 but stock>=80%.,0.96,0.6005,BEAR,2017-05-02,WATCH,strong_offensive_override
midtrend_bear_high_stock,WARNING,mid_trend=BEAR but stock>=80%. Check trend context or policy override.,0.96,0.6332,BEAR,2017-05-03,WATCH,strong_offensive_override
highvol_high_stock,WARNING,prob_high_vol>0.60 but stock>=80%.,0.96,0.6332,BEAR,2017-05-03,WATCH,strong_offensive_override
midtrend_bear_high_stock,WARNING,mid_trend=BEAR but stock>=80%. Check trend context or policy override.,0.96,0.6557,BEAR,2017-05-04,WATCH,strong_offensive_override
highvol_high_stock,WARNING,prob_high_vol>0.60 but stock>=80%.,0.96,0.6557,BEAR,2017-05-04,WATCH,strong_offensive_override
highvol_high_stock,WARNING,prob_high_vol>0.60 but stock>=80%.,0.96,0.6666,NEUTRAL,2017-05-05,CUSTOM,not_rebalance_day
midtrend_bear_high_stock,WARNING,mid_trend=BEAR but stock>=80%. Check trend context or policy override.,0.96,0.6782,BEAR,2017-05-08,CUSTOM,not_rebalance_day
highvol_high_stock,WARNING,prob_high_vol>0.60 but stock>=80%.,0.96,0.6782,BEAR,2017-05-08,CUSTOM,not_rebalance_day
midtrend_bear_high_stock,WARNING,mid_trend=BEAR but stock>=80%. Check trend context or policy override.,0.8,0.6813,BEAR,2017-05-09,WATCH,scheduled
highvol_high_stock,WARNING,prob_high_vol>0.60 but stock>=80%.,0.8,0.6813,BEAR,2017-05-09,WATCH,scheduled
highvol_high_stock,WARNING,prob_high_vol>0.60 but stock>=80%.,0.8,0.6888,BULL,2017-05-10,CUSTOM,not_rebalance_day
highvol_high_stock,WARNING,prob_high_vol>0.60 but stock>=80%.,0.8,0.6902,BULL,2017-05-11,CUSTOM,not_rebalance_day
highvol_high_stock,WARNING,prob_high_vol>0.60 but stock>=80%.,0.8,0.6895,BULL,2017-05-12,CUSTOM,not_rebalance_day
midtrend_bear_high_stock,WARNING,mid_trend=BEAR but stock>=80%. Check trend context or policy override.,1.0,0.5304,BEAR,2018-04-09,NORMAL,strong_offensive_override
midtrend_bear_high_stock,WARNING,mid_trend=BEAR but stock>=80%. Check trend context or policy override.,0.96,0.5898,BEAR,2018-04-19,WATCH,strong_offensive_override
midtrend_bear_high_stock,WARNING,mid_trend=BEAR but stock>=80%. Check trend context or policy override.,0.96,0.5981,BEAR,2018-04-20,WATCH,strong_offensive_override
midtrend_bear_high_stock,WARNING,mid_trend=BEAR but stock>=80%. Check trend context or policy override.,0.96,0.6196,BEAR,2018-04-23,WATCH,strong_offensive_override
highvol_high_stock,WARNING,prob_high_vol>0.60 but stock>=80%.,0.96,0.6196,BEAR,2018-04-23,WATCH,strong_offensive_override
midtrend_bear_high_stock,WARNING,mid_trend=BEAR but stock>=80%. Check trend context or policy override.,0.96,0.6427,BEAR,2018-04-24,WATCH,strong_offensive_override
highvol_high_stock,WARNING,prob_high_vol>0.60 but stock>=80%.,0.96,0.6427,BEAR,2018-04-24,WATCH,strong_offensive_override
midtrend_bear_high_stock,WARNING,mid_trend=BEAR but stock>=80%. Check trend context or policy override.,0.96,0.6641,BEAR,2018-04-25,WATCH,strong_offensive_override
highvol_high_stock,WARNING,prob_high_vol>0.60 but stock>=80%.,0.96,0.6641,BEAR,2018-04-25,WATCH,strong_offensive_override
midtrend_bear_high_stock,WARNING,mid_trend=BEAR but stock>=80%. Check trend context or policy override.,0.96,0.6794,BEAR,2018-04-26,WATCH,strong_offensive_override
highvol_high_stock,WARNING,prob_high_vol>0.60 but stock>=80%.,0.96,0.6794,BEAR,2018-04-26,WATCH,strong_offensive_override
midtrend_bear_high_stock,WARNING,mid_trend=BEAR but stock>=80%. Check trend context or policy override.,0.96,0.6919,BEAR,2018-04-27,CUSTOM,not_rebalance_day
highvol_high_stock,WARNING,prob_high_vol>0.60 but stock>=80%.,0.96,0.6919,BEAR,2018-04-27,CUSTOM,not_rebalance_day
midtrend_bear_high_stock,WARNING,mid_trend=BEAR but stock>=80%. Check trend context or policy override.,0.8,0.6964,BEAR,2018-04-30,WATCH,scheduled
highvol_high_stock,WARNING,prob_high_vol>0.60 but stock>=80%.,0.8,0.6964,BEAR,2018-04-30,WATCH,scheduled
midtrend_bear_high_stock,WARNING,mid_trend=BEAR but stock>=80%. Check trend context or policy override.,0.8,0.695,BEAR,2018-05-01,CUSTOM,not_rebalance_day
highvol_high_stock,WARNING,prob_high_vol>0.60 but stock>=80%.,0.8,0.695,BEAR,2018-05-01,CUSTOM,not_rebalance_day
highvol_high_stock,WARNING,prob_high_vol>0.60 but stock>=80%.,0.8,0.6966,NEUTRAL,2018-05-02,CUSTOM,not_rebalance_day
highvol_high_stock,WARNING,prob_high_vol>0.60 but stock>=80%.,0.96,0.677,NEUTRAL,2018-05-03,WATCH,strong_offensive_override
highvol_high_stock,WARNING,prob_high_vol>0.60 but stock>=80%.,0.96,0.6527,BULL,2018-05-04,WATCH,strong_offensive_override
highvol_high_stock,WARNING,prob_high_vol>0.60 but stock>=80%.,0.96,0.6195,BULL,2018-05-07,WATCH,strong_offensive_override
highvol_high_stock,WARNING,prob_high_vol>0.60 but stock>=80%.,0.96,0.6114,BULL,2018-05-21,WATCH,strong_offensive_override
highvol_high_stock,WARNING,prob_high_vol>0.60 but stock>=80%.,0.96,0.63,BULL,2018-05-22,CUSTOM,not_rebalance_day
highvol_high_stock,WARNING,prob_high_vol>0.60 but stock>=80%.,0.96,0.6455,BULL,2018-05-23,CUSTOM,not_rebalance_day
highvol_high_stock,WARNING,prob_high_vol>0.60 but stock>=80%.,0.96,0.6566,BULL,2018-05-24,CUSTOM,not_rebalance_day
highvol_high_stock,WARNING,prob_high_vol>0.60 but stock>=80%.,0.96,0.6663,BULL,2018-05-25,CUSTOM,not_rebalance_day
highvol_high_stock,WARNING,prob_high_vol>0.60 but stock>=80%.,0.96,0.6037,NEUTRAL,2018-07-30,WATCH,strong_offensive_override
highvol_high_stock,WARNING,prob_high_vol>0.60 but stock>=80%.,0.96,0.616,NEUTRAL,2018-07-31,WATCH,strong_offensive_override
midtrend_bear_high_stock,WARNING,mid_trend=BEAR but stock>=80%. Check trend context or policy override.,0.96,0.6002,BEAR,2018-08-01,WATCH,strong_offensive_override
highvol_high_stock,WARNING,prob_high_vol>0.60 but stock>=80%.,0.96,0.6002,BEAR,2018-08-01,WATCH,strong_offensive_override
midtrend_bear_high_stock,WARNING,mid_trend=BEAR but stock>=80%. Check trend context or policy override.,1.0,0.5205,BEAR,2018-08-17,NORMAL,strong_offensive_override
midtrend_bear_high_stock,WARNING,mid_trend=BEAR but stock>=80%. Check trend context or policy override.,1.0,0.4183,BEAR,2018-10-18,NORMAL,strong_offensive_override
midtrend_bear_high_stock,WARNING,mid_trend=BEAR but stock>=80%. Check trend context or policy override.,1.0,0.4208,BEAR,2018-10-19,NORMAL,strong_offensive_override
midtrend_bear_high_stock,WARNING,mid_trend=BEAR but stock>=80%. Check trend context or policy override.,1.0,0.4218,BEAR,2018-10-22,NORMAL,strong_offensive_override
midtrend_bear_high_stock,WARNING,mid_trend=BEAR but stock>=80%. Check trend context or policy override.,1.0,0.4275,BEAR,2018-10-23,NORMAL,strong_offensive_override
midtrend_bear_high_stock,WARNING,mid_trend=BEAR but stock>=80%. Check trend context or policy override.,1.0,0.4345,BEAR,2018-10-24,NORMAL,strong_offensive_override
midtrend_bear_high_stock,WARNING,mid_trend=BEAR but stock>=80%. Check trend context or policy override.,1.0,0.4421,BEAR,2018-10-25,NORMAL,strong_offensive_override
midtrend_bear_high_stock,WARNING,mid_trend=BEAR but stock>=80%. Check trend context or policy override.,1.0,0.4486,BEAR,2018-10-26,NORMAL,strong_offensive_override
midtrend_bear_high_stock,WARNING,mid_trend=BEAR but stock>=80%. Check trend context or policy override.,1.0,0.4696,BEAR,2018-10-29,NORMAL,strong_offensive_override
midtrend_bear_high_stock,WARNING,mid_trend=BEAR but stock>=80%. Check trend context or policy override.,1.0,0.4988,BEAR,2018-10-30,NORMAL,strong_offensive_override
midtrend_bear_high_stock,WARNING,mid_trend=BEAR but stock>=80%. Check trend context or policy override.,1.0,0.5219,BEAR,2018-10-31,NORMAL,strong_offensive_override
midtrend_bear_high_stock,WARNING,mid_trend=BEAR but stock>=80%. Check trend context or policy override.,1.0,0.5326,BEAR,2018-11-01,NORMAL,strong_offensive_override
midtrend_bear_high_stock,WARNING,mid_trend=BEAR but stock>=80%. Check trend context or policy override.,1.0,0.5442,BEAR,2018-11-02,NORMAL,strong_offensive_override
midtrend_bear_high_stock,WARNING,mid_trend=BEAR but stock>=80%. Check trend context or policy override.,1.0,0.5529,BEAR,2018-11-05,WATCH,strong_offensive_override
midtrend_bear_high_stock,WARNING,mid_trend=BEAR but stock>=80%. Check trend context or policy override.,1.0,0.5594,BEAR,2018-11-06,WATCH,strong_offensive_override
midtrend_bear_high_stock,WARNING,mid_trend=BEAR but stock>=80%. Check trend context or policy override.,1.0,0.567,BEAR,2018-11-07,WATCH,strong_offensive_override
midtrend_bear_high_stock,WARNING,mid_trend=BEAR but stock>=80%. Check trend context or policy override.,1.0,0.5797,BEAR,2018-11-08,WATCH,strong_offensive_override
midtrend_bear_high_stock,WARNING,mid_trend=BEAR but stock>=80%. Check trend context or policy override.,0.96,0.6003,BEAR,2018-11-09,WATCH,strong_offensive_override
highvol_high_stock,WARNING,prob_high_vol>0.60 but stock>=80%.,0.96,0.6003,BEAR,2018-11-09,WATCH,strong_offensive_override
midtrend_bear_high_stock,WARNING,mid_trend=BEAR but stock>=80%. Check trend context or policy override.,0.96,0.6086,BEAR,2018-11-12,WATCH,strong_offensive_override
highvol_high_stock,WARNING,prob_high_vol>0.60 but stock>=80%.,0.96,0.6086,BEAR,2018-11-12,WATCH,strong_offensive_override
midtrend_bear_high_stock,WARNING,mid_trend=BEAR but stock>=80%. Check trend context or policy override.,0.96,0.6168,BEAR,2018-11-13,WATCH,strong_offensive_override
highvol_high_stock,WARNING,prob_high_vol>0.60 but stock>=80%.,0.96,0.6168,BEAR,2018-11-13,WATCH,strong_offensive_override
midtrend_bear_high_stock,WARNING,mid_trend=BEAR but stock>=80%. Check trend context or policy override.,0.96,0.6276,BEAR,2018-11-14,WATCH,strong_offensive_override
highvol_high_stock,WARNING,prob_high_vol>0.60 but stock>=80%.,0.96,0.6276,BEAR,2018-11-14,WATCH,strong_offensive_override
midtrend_bear_high_stock,WARNING,mid_trend=BEAR but stock>=80%. Check trend context or policy override.,0.96,0.6194,BEAR,2018-11-15,WATCH,strong_offensive_override
highvol_high_stock,WARNING,prob_high_vol>0.60 but stock>=80%.,0.96,0.6194,BEAR,2018-11-15,WATCH,strong_offensive_override
midtrend_bear_high_stock,WARNING,mid_trend=BEAR but stock>=80%. Check trend context or policy override.,0.96,0.6089,BEAR,2018-11-16,WATCH,strong_offensive_override
highvol_high_stock,WARNING,prob_high_vol>0.60 but stock>=80%.,0.96,0.6089,BEAR,2018-11-16,WATCH,strong_offensive_override
midtrend_bear_high_stock,WARNING,mid_trend=BEAR but stock>=80%. Check trend context or policy override.,0.96,0.6011,BEAR,2018-11-19,WATCH,strong_offensive_override
highvol_high_stock,WARNING,prob_high_vol>0.60 but stock>=80%.,0.96,0.6011,BEAR,2018-11-19,WATCH,strong_offensive_override
midtrend_bear_high_stock,WARNING,mid_trend=BEAR but stock>=80%. Check trend context or policy override.,0.96,0.5952,BEAR,2018-11-20,WATCH,strong_offensive_override
midtrend_bear_high_stock,WARNING,mid_trend=BEAR but stock>=80%. Check trend context or policy override.,0.96,0.5918,BEAR,2018-11-21,WATCH,strong_offensive_override
midtrend_bear_high_stock,WARNING,mid_trend=BEAR but stock>=80%. Check trend context or policy override.,0.96,0.5896,BEAR,2018-11-23,WATCH,strong_offensive_override
midtrend_bear_high_stock,WARNING,mid_trend=BEAR but stock>=80%. Check trend context or policy override.,0.96,0.5873,BEAR,2018-11-26,WATCH,strong_offensive_override
midtrend_bear_high_stock,WARNING,mid_trend=BEAR but stock>=80%. Check trend context or policy override.,0.96,0.5856,BEAR,2018-11-27,WATCH,strong_offensive_override
midtrend_bear_high_stock,WARNING,mid_trend=BEAR but stock>=80%. Check trend context or policy override.,0.96,0.5838,BEAR,2018-11-28,WATCH,strong_offensive_override
midtrend_bear_high_stock,WARNING,mid_trend=BEAR but stock>=80%. Check trend context or policy override.,0.96,0.5833,BEAR,2018-11-29,WATCH,strong_offensive_override
midtrend_bear_high_stock,WARNING,mid_trend=BEAR but stock>=80%. Check trend context or policy override.,0.96,0.5811,BEAR,2018-11-30,WATCH,strong_offensive_override
midtrend_bear_high_stock,WARNING,mid_trend=BEAR but stock>=80%. Check trend context or policy override.,0.96,0.5819,BEAR,2018-12-03,WATCH,strong_offensive_override
midtrend_bear_high_stock,WARNING,mid_trend=BEAR but stock>=80%. Check trend context or policy override.,0.96,0.5871,BEAR,2018-12-04,WATCH,strong_offensive_override
midtrend_bear_high_stock,WARNING,mid_trend=BEAR but stock>=80%. Check trend context or policy override.,0.96,0.5904,BEAR,2018-12-06,WATCH,strong_offensive_override
midtrend_bear_high_stock,WARNING,mid_trend=BEAR but stock>=80%. Check trend context or policy override.,0.96,0.5927,BEAR,2018-12-07,WATCH,strong_offensive_override
midtrend_bear_high_stock,WARNING,mid_trend=BEAR but stock>=80%. Check trend context or policy override.,0.96,0.5945,BEAR,2018-12-10,WATCH,strong_offensive_override
midtrend_bear_high_stock,WARNING,mid_trend=BEAR but stock>=80%. Check trend context or policy override.,0.96,0.5953,BEAR,2018-12-11,WATCH,strong_offensive_override
midtrend_bear_high_stock,WARNING,mid_trend=BEAR but stock>=80%. Check trend context or policy override.,0.96,0.5958,BEAR,2018-12-12,WATCH,strong_offensive_override
midtrend_bear_high_stock,WARNING,mid_trend=BEAR but stock>=80%. Check trend context or policy override.,0.96,0.5931,BEAR,2018-12-13,WATCH,strong_offensive_override
midtrend_bear_high_stock,WARNING,mid_trend=BEAR but stock>=80%. Check trend context or policy override.,0.96,0.5905,BEAR,2018-12-14,WATCH,strong_offensive_override
midtrend_bear_high_stock,WARNING,mid_trend=BEAR but stock>=80%. Check trend context or policy override.,0.96,0.6495,BEAR,2018-12-17,WATCH,strong_offensive_override
highvol_high_stock,WARNING,prob_high_vol>0.60 but stock>=80%.,0.96,0.6495,BEAR,2018-12-17,WATCH,strong_offensive_override
midtrend_bear_high_stock,WARNING,mid_trend=BEAR but stock>=80%. Check trend context or policy override.,0.96,0.693,BEAR,2018-12-18,CUSTOM,not_rebalance_day
highvol_high_stock,WARNING,prob_high_vol>0.60 but stock>=80%.,0.96,0.693,BEAR,2018-12-18,CUSTOM,not_rebalance_day
midtrend_bear_high_stock,WARNING,mid_trend=BEAR but stock>=80%. Check trend context or policy override.,0.8,0.736,BEAR,2018-12-19,WATCH,no_trade_override_prob_high_vol_cross_0.70
highvol_high_stock,WARNING,prob_high_vol>0.60 but stock>=80%.,0.8,0.736,BEAR,2018-12-19,WATCH,no_trade_override_prob_high_vol_cross_0.70
midtrend_bear_high_stock,WARNING,mid_trend=BEAR but stock>=80%. Check trend context or policy override.,0.8,0.7683,BEAR,2018-12-20,CUSTOM,not_rebalance_day
highvol_high_stock,WARNING,prob_high_vol>0.60 but stock>=80%.,0.8,0.7683,BEAR,2018-12-20,CUSTOM,not_rebalance_day
midtrend_bear_high_stock,WARNING,mid_trend=BEAR but stock>=80%. Check trend context or policy override.,0.8,0.7915,BEAR,2018-12-21,CUSTOM,no_trade_band
highvol_high_stock,WARNING,prob_high_vol>0.60 but stock>=80%.,0.8,0.7915,BEAR,2018-12-21,CUSTOM,no_trade_band
midtrend_bear_high_stock,WARNING,mid_trend=BEAR but stock>=80%. Check trend context or policy override.,0.8,0.807,BEAR,2018-12-24,CUSTOM,no_trade_band
highvol_high_stock,WARNING,prob_high_vol>0.60 but stock>=80%.,0.8,0.807,BEAR,2018-12-24,CUSTOM,no_trade_band
extreme_highvol_full_stock,HARD_CAP,prob_high_vol>0.80 but stock>=70%.,0.8,0.807,BEAR,2018-12-24,CUSTOM,no_trade_band
midtrend_bear_high_stock,WARNING,mid_trend=BEAR but stock>=80%. Check trend context or policy override.,0.8,0.7966,BEAR,2019-02-06,RISK_OFF,emergency
highvol_high_stock,WARNING,prob_high_vol>0.60 but stock>=80%.,0.8,0.7966,BEAR,2019-02-06,RISK_OFF,emergency
midtrend_bear_high_stock,WARNING,mid_trend=BEAR but stock>=80%. Check trend context or policy override.,0.8,0.7896,BEAR,2019-02-07,CUSTOM,no_trade_band
highvol_high_stock,WARNING,prob_high_vol>0.60 but stock>=80%.,0.8,0.7896,BEAR,2019-02-07,CUSTOM,no_trade_band
midtrend_bear_high_stock,WARNING,mid_trend=BEAR but stock>=80%. Check trend context or policy override.,0.8,0.7841,BEAR,2019-02-08,CUSTOM,not_rebalance_day
highvol_high_stock,WARNING,prob_high_vol>0.60 but stock>=80%.,0.8,0.7841,BEAR,2019-02-08,CUSTOM,not_rebalance_day
midtrend_bear_high_stock,WARNING,mid_trend=BEAR but stock>=80%. Check trend context or policy override.,0.8,0.7952,BEAR,2019-02-11,CUSTOM,not_rebalance_day
highvol_high_stock,WARNING,prob_high_vol>0.60 but stock>=80%.,0.8,0.7952,BEAR,2019-02-11,CUSTOM,not_rebalance_day
midtrend_bear_high_stock,WARNING,mid_trend=BEAR but stock>=80%. Check trend context or policy override.,0.8,0.8032,BEAR,2019-02-12,CUSTOM,not_rebalance_day
highvol_high_stock,WARNING,prob_high_vol>0.60 but stock>=80%.,0.8,0.8032,BEAR,2019-02-12,CUSTOM,not_rebalance_day
extreme_highvol_full_stock,HARD_CAP,prob_high_vol>0.80 but stock>=70%.,0.8,0.8032,BEAR,2019-02-12,CUSTOM,not_rebalance_day
midtrend_bear_high_stock,WARNING,mid_trend=BEAR but stock>=80%. Check trend context or policy override.,0.8,0.8088,BEAR,2019-02-13,CUSTOM,no_trade_band
highvol_high_stock,WARNING,prob_high_vol>0.60 but stock>=80%.,0.8,0.8088,BEAR,2019-02-13,CUSTOM,no_trade_band
extreme_highvol_full_stock,HARD_CAP,prob_high_vol>0.80 but stock>=70%.,0.8,0.8088,BEAR,2019-02-13,CUSTOM,no_trade_band
midtrend_bear_high_stock,WARNING,mid_trend=BEAR but stock>=80%. Check trend context or policy override.,0.8,0.7995,BEAR,2019-02-14,CUSTOM,no_trade_band
highvol_high_stock,WARNING,prob_high_vol>0.60 but stock>=80%.,0.8,0.7995,BEAR,2019-02-14,CUSTOM,no_trade_band
midtrend_bear_high_stock,WARNING,mid_trend=BEAR but stock>=80%. Check trend context or policy override.,0.8,0.7824,BEAR,2019-02-15,CUSTOM,not_rebalance_day
highvol_high_stock,WARNING,prob_high_vol>0.60 but stock>=80%.,0.8,0.7824,BEAR,2019-02-15,CUSTOM,not_rebalance_day
highvol_high_stock,WARNING,prob_high_vol>0.60 but stock>=80%.,0.8,0.7582,NEUTRAL,2019-02-19,CUSTOM,not_rebalance_day
highvol_high_stock,WARNING,prob_high_vol>0.60 but stock>=80%.,0.8,0.733,BULL,2019-02-20,CUSTOM,not_rebalance_day
highvol_high_stock,WARNING,prob_high_vol>0.60 but stock>=80%.,0.8,0.7226,BULL,2019-02-21,CUSTOM,not_rebalance_day
highvol_high_stock,WARNING,prob_high_vol>0.60 but stock>=80%.,0.8,0.7035,BULL,2019-02-22,CUSTOM,no_trade_band
highvol_high_stock,WARNING,prob_high_vol>0.60 but stock>=80%.,0.8,0.6955,BULL,2019-02-25,CUSTOM,not_rebalance_day
highvol_high_stock,WARNING,prob_high_vol>0.60 but stock>=80%.,0.8,0.6802,BULL,2019-02-26,CUSTOM,not_rebalance_day
highvol_high_stock,WARNING,prob_high_vol>0.60 but stock>=80%.,0.8,0.682,NEUTRAL,2019-02-27,CUSTOM,not_rebalance_day
highvol_high_stock,WARNING,prob_high_vol>0.60 but stock>=80%.,0.8,0.6806,NEUTRAL,2019-02-28,CUSTOM,not_rebalance_day
highvol_high_stock,WARNING,prob_high_vol>0.60 but stock>=80%.,0.8,0.6777,NEUTRAL,2019-03-01,CUSTOM,no_trade_band
highvol_high_stock,WARNING,prob_high_vol>0.60 but stock>=80%.,0.8,0.6798,NEUTRAL,2019-03-04,CUSTOM,not_rebalance_day
highvol_high_stock,WARNING,prob_high_vol>0.60 but stock>=80%.,0.8,0.6744,NEUTRAL,2019-03-05,CUSTOM,not_rebalance_day
highvol_high_stock,WARNING,prob_high_vol>0.60 but stock>=80%.,0.8,0.683,NEUTRAL,2019-03-06,CUSTOM,not_rebalance_day
highvol_high_stock,WARNING,prob_high_vol>0.60 but stock>=80%.,0.8,0.6914,BULL,2019-03-07,CUSTOM,not_rebalance_day
highvol_high_stock,WARNING,prob_high_vol>0.60 but stock>=80%.,0.96,0.6001,BULL,2019-05-16,CUSTOM,not_rebalance_day
highvol_high_stock,WARNING,prob_high_vol>0.60 but stock>=80%.,0.96,0.6528,BULL,2019-05-17,CUSTOM,not_rebalance_day
midtrend_bear_high_stock,WARNING,mid_trend=BEAR but stock>=80%. Check trend context or policy override.,0.8,0.7901,BEAR,2019-06-18,RISK_OFF,scheduled
highvol_high_stock,WARNING,prob_high_vol>0.60 but stock>=80%.,0.8,0.7901,BEAR,2019-06-18,RISK_OFF,scheduled
midtrend_bear_high_stock,WARNING,mid_trend=BEAR but stock>=80%. Check trend context or policy override.,0.8,0.7821,BEAR,2019-06-19,CUSTOM,not_rebalance_day
highvol_high_stock,WARNING,prob_high_vol>0.60 but stock>=80%.,0.8,0.7821,BEAR,2019-06-19,CUSTOM,not_rebalance_day
midtrend_bear_high_stock,WARNING,mid_trend=BEAR but stock>=80%. Check trend context or policy override.,0.8,0.771,BEAR,2019-06-20,CUSTOM,not_rebalance_day
highvol_high_stock,WARNING,prob_high_vol>0.60 but stock>=80%.,0.8,0.771,BEAR,2019-06-20,CUSTOM,not_rebalance_day
midtrend_bear_high_stock,WARNING,mid_trend=BEAR but stock>=80%. Check trend context or policy override.,0.8,0.7684,BEAR,2019-06-21,CUSTOM,not_rebalance_day
highvol_high_stock,WARNING,prob_high_vol>0.60 but stock>=80%.,0.8,0.7684,BEAR,2019-06-21,CUSTOM,not_rebalance_day
midtrend_bear_high_stock,WARNING,mid_trend=BEAR but stock>=80%. Check trend context or policy override.,0.8,0.7659,BEAR,2019-06-24,CUSTOM,not_rebalance_day
highvol_high_stock,WARNING,prob_high_vol>0.60 but stock>=80%.,0.8,0.7659,BEAR,2019-06-24,CUSTOM,not_rebalance_day
midtrend_bear_high_stock,WARNING,mid_trend=BEAR but stock>=80%. Check trend context or policy override.,0.8,0.7687,BEAR,2019-06-25,CUSTOM,no_trade_band
highvol_high_stock,WARNING,prob_high_vol>0.60 but stock>=80%.,0.8,0.7687,BEAR,2019-06-25,CUSTOM,no_trade_band
midtrend_bear_high_stock,WARNING,mid_trend=BEAR but stock>=80%. Check trend context or policy override.,0.8,0.7448,BEAR,2019-06-26,CUSTOM,not_rebalance_day
highvol_high_stock,WARNING,prob_high_vol>0.60 but stock>=80%.,0.8,0.7448,BEAR,2019-06-26,CUSTOM,not_rebalance_day
midtrend_bear_high_stock,WARNING,mid_trend=BEAR but stock>=80%. Check trend context or policy override.,0.8,0.7241,BEAR,2019-06-27,CUSTOM,not_rebalance_day
highvol_high_stock,WARNING,prob_high_vol>0.60 but stock>=80%.,0.8,0.7241,BEAR,2019-06-27,CUSTOM,not_rebalance_day
midtrend_bear_high_stock,WARNING,mid_trend=BEAR but stock>=80%. Check trend context or policy override.,0.8,0.6874,BEAR,2019-06-28,CUSTOM,not_rebalance_day
highvol_high_stock,WARNING,prob_high_vol>0.60 but stock>=80%.,0.8,0.6874,BEAR,2019-06-28,CUSTOM,not_rebalance_day
highvol_high_stock,WARNING,prob_high_vol>0.60 but stock>=80%.,0.96,0.6271,NEUTRAL,2019-07-01,WATCH,strong_offensive_override
midtrend_bear_high_stock,WARNING,mid_trend=BEAR but stock>=80%. Check trend context or policy override.,1.0,0.5798,BEAR,2019-07-02,WATCH,strong_offensive_override
midtrend_bear_high_stock,WARNING,mid_trend=BEAR but stock>=80%. Check trend context or policy override.,1.0,0.5356,BEAR,2019-07-03,NORMAL,strong_offensive_override
midtrend_bear_high_stock,WARNING,mid_trend=BEAR but stock>=80%. Check trend context or policy override.,1.0,0.5101,BEAR,2019-07-05,NORMAL,strong_offensive_override
midtrend_bear_high_stock,WARNING,mid_trend=BEAR but stock>=80%. Check trend context or policy override.,1.0,0.4954,BEAR,2019-07-08,NORMAL,strong_offensive_override
midtrend_bear_high_stock,WARNING,mid_trend=BEAR but stock>=80%. Check trend context or policy override.,1.0,0.4848,BEAR,2019-07-09,NORMAL,strong_offensive_override
midtrend_bear_high_stock,WARNING,mid_trend=BEAR but stock>=80%. Check trend context or policy override.,1.0,0.4691,BEAR,2019-07-10,NORMAL,strong_offensive_override
midtrend_bear_high_stock,WARNING,mid_trend=BEAR but stock>=80%. Check trend context or policy override.,0.96,0.5476,BEAR,2019-08-05,NORMAL,strong_offensive_override
midtrend_bear_high_stock,WARNING,mid_trend=BEAR but stock>=80%. Check trend context or policy override.,0.96,0.5464,BEAR,2019-08-06,NORMAL,strong_offensive_override
midtrend_bear_high_stock,WARNING,mid_trend=BEAR but stock>=80%. Check trend context or policy override.,0.96,0.5595,BEAR,2019-08-07,WATCH,strong_offensive_override
midtrend_bear_high_stock,WARNING,mid_trend=BEAR but stock>=80%. Check trend context or policy override.,0.96,0.5477,BEAR,2019-08-09,CUSTOM,not_rebalance_day
midtrend_bear_high_stock,WARNING,mid_trend=BEAR but stock>=80%. Check trend context or policy override.,0.96,0.5625,BEAR,2019-08-12,CUSTOM,not_rebalance_day
midtrend_bear_high_stock,WARNING,mid_trend=BEAR but stock>=80%. Check trend context or policy override.,0.8,0.5846,BEAR,2019-08-14,WATCH,scheduled
midtrend_bear_high_stock,WARNING,mid_trend=BEAR but stock>=80%. Check trend context or policy override.,0.96,0.5983,BEAR,2019-08-15,WATCH,strong_offensive_override
highvol_high_stock,WARNING,prob_high_vol>0.60 but stock>=80%.,0.96,0.6208,BULL,2020-12-14,WATCH,strong_offensive_override
highvol_high_stock,WARNING,prob_high_vol>0.60 but stock>=80%.,0.96,0.643,NEUTRAL,2020-12-15,WATCH,strong_offensive_override
highvol_high_stock,WARNING,prob_high_vol>0.60 but stock>=80%.,0.96,0.6673,NEUTRAL,2020-12-16,WATCH,strong_offensive_override
highvol_high_stock,WARNING,prob_high_vol>0.60 but stock>=80%.,0.8,0.6808,NEUTRAL,2020-12-17,WATCH,scheduled
highvol_high_stock,WARNING,prob_high_vol>0.60 but stock>=80%.,0.8,0.684,NEUTRAL,2020-12-18,CUSTOM,not_rebalance_day
highvol_high_stock,WARNING,prob_high_vol>0.60 but stock>=80%.,0.8,0.6801,NEUTRAL,2020-12-21,CUSTOM,not_rebalance_day
highvol_high_stock,WARNING,prob_high_vol>0.60 but stock>=80%.,0.96,0.6761,NEUTRAL,2020-12-22,WATCH,strong_offensive_override
midtrend_bear_high_stock,WARNING,mid_trend=BEAR but stock>=80%. Check trend context or policy override.,0.96,0.6773,BEAR,2020-12-23,WATCH,strong_offensive_override
highvol_high_stock,WARNING,prob_high_vol>0.60 but stock>=80%.,0.96,0.6773,BEAR,2020-12-23,WATCH,strong_offensive_override
midtrend_bear_high_stock,WARNING,mid_trend=BEAR but stock>=80%. Check trend context or policy override.,0.8,0.6856,BEAR,2020-12-24,WATCH,scheduled
highvol_high_stock,WARNING,prob_high_vol>0.60 but stock>=80%.,0.8,0.6856,BEAR,2020-12-24,WATCH,scheduled
midtrend_bear_high_stock,WARNING,mid_trend=BEAR but stock>=80%. Check trend context or policy override.,0.8,0.688,BEAR,2020-12-28,CUSTOM,not_rebalance_day
highvol_high_stock,WARNING,prob_high_vol>0.60 but stock>=80%.,0.8,0.688,BEAR,2020-12-28,CUSTOM,not_rebalance_day
midtrend_bear_high_stock,WARNING,mid_trend=BEAR but stock>=80%. Check trend context or policy override.,0.8,0.6844,BEAR,2020-12-29,CUSTOM,not_rebalance_day
highvol_high_stock,WARNING,prob_high_vol>0.60 but stock>=80%.,0.8,0.6844,BEAR,2020-12-29,CUSTOM,not_rebalance_day
midtrend_bear_high_stock,WARNING,mid_trend=BEAR but stock>=80%. Check trend context or policy override.,0.96,0.6591,BEAR,2020-12-30,WATCH,strong_offensive_override
highvol_high_stock,WARNING,prob_high_vol>0.60 but stock>=80%.,0.96,0.6591,BEAR,2020-12-30,WATCH,strong_offensive_override
midtrend_bear_high_stock,WARNING,mid_trend=BEAR but stock>=80%. Check trend context or policy override.,0.96,0.6545,BEAR,2020-12-31,WATCH,strong_offensive_override
highvol_high_stock,WARNING,prob_high_vol>0.60 but stock>=80%.,0.96,0.6545,BEAR,2020-12-31,WATCH,strong_offensive_override
midtrend_bear_high_stock,WARNING,mid_trend=BEAR but stock>=80%. Check trend context or policy override.,0.96,0.6242,BEAR,2021-01-04,WATCH,strong_offensive_override
highvol_high_stock,WARNING,prob_high_vol>0.60 but stock>=80%.,0.96,0.6242,BEAR,2021-01-04,WATCH,strong_offensive_override
midtrend_bear_high_stock,WARNING,mid_trend=BEAR but stock>=80%. Check trend context or policy override.,1.0,0.5747,BEAR,2021-01-06,WATCH,strong_offensive_override
midtrend_bear_high_stock,WARNING,mid_trend=BEAR but stock>=80%. Check trend context or policy override.,1.0,0.4617,BEAR,2021-01-08,NORMAL,strong_offensive_override
midtrend_bear_high_stock,WARNING,mid_trend=BEAR but stock>=80%. Check trend context or policy override.,1.0,0.3374,BEAR,2021-01-14,NORMAL,strong_offensive_override
midtrend_bear_high_stock,WARNING,mid_trend=BEAR but stock>=80%. Check trend context or policy override.,1.0,0.344,BEAR,2021-01-15,NORMAL,strong_offensive_override
midtrend_bear_high_stock,WARNING,mid_trend=BEAR but stock>=80%. Check trend context or policy override.,1.0,0.3344,BEAR,2021-01-19,NORMAL,strong_offensive_override
midtrend_bear_high_stock,WARNING,mid_trend=BEAR but stock>=80%. Check trend context or policy override.,1.0,0.3249,BEAR,2021-01-27,NORMAL,strong_offensive_override
midtrend_bear_high_stock,WARNING,mid_trend=BEAR but stock>=80%. Check trend context or policy override.,1.0,0.3599,BEAR,2021-01-28,NORMAL,strong_offensive_override
midtrend_bear_high_stock,WARNING,mid_trend=BEAR but stock>=80%. Check trend context or policy override.,1.0,0.3937,BEAR,2021-01-29,NORMAL,strong_offensive_override
highvol_high_stock,WARNING,prob_high_vol>0.60 but stock>=80%.,0.96,0.6027,NEUTRAL,2021-03-05,WATCH,strong_offensive_override
midtrend_bear_high_stock,WARNING,mid_trend=BEAR but stock>=80%. Check trend context or policy override.,0.96,0.6477,BEAR,2021-03-08,WATCH,strong_offensive_override
highvol_high_stock,WARNING,prob_high_vol>0.60 but stock>=80%.,0.96,0.6477,BEAR,2021-03-08,WATCH,strong_offensive_override
midtrend_bear_high_stock,WARNING,mid_trend=BEAR but stock>=80%. Check trend context or policy override.,0.96,0.6802,BEAR,2021-03-09,CUSTOM,not_rebalance_day
highvol_high_stock,WARNING,prob_high_vol>0.60 but stock>=80%.,0.96,0.6802,BEAR,2021-03-09,CUSTOM,not_rebalance_day
midtrend_bear_high_stock,WARNING,mid_trend=BEAR but stock>=80%. Check trend context or policy override.,0.8,0.6965,BEAR,2021-03-10,WATCH,scheduled
highvol_high_stock,WARNING,prob_high_vol>0.60 but stock>=80%.,0.8,0.6965,BEAR,2021-03-10,WATCH,scheduled
highvol_high_stock,WARNING,prob_high_vol>0.60 but stock>=80%.,0.8,0.7045,NEUTRAL,2021-03-11,WATCH,no_trade_override_prob_high_vol_cross_0.70
highvol_high_stock,WARNING,prob_high_vol>0.60 but stock>=80%.,0.8,0.7058,NEUTRAL,2021-03-12,CUSTOM,not_rebalance_day
highvol_high_stock,WARNING,prob_high_vol>0.60 but stock>=80%.,0.8,0.6961,NEUTRAL,2021-03-15,CUSTOM,not_rebalance_day
highvol_high_stock,WARNING,prob_high_vol>0.60 but stock>=80%.,0.96,0.6656,NEUTRAL,2021-03-16,WATCH,strong_offensive_override
highvol_high_stock,WARNING,prob_high_vol>0.60 but stock>=80%.,0.96,0.642,NEUTRAL,2021-03-17,WATCH,strong_offensive_override
midtrend_bear_high_stock,WARNING,mid_trend=BEAR but stock>=80%. Check trend context or policy override.,0.96,0.632,BEAR,2021-03-18,WATCH,strong_offensive_override
highvol_high_stock,WARNING,prob_high_vol>0.60 but stock>=80%.,0.96,0.632,BEAR,2021-03-18,WATCH,strong_offensive_override
midtrend_bear_high_stock,WARNING,mid_trend=BEAR but stock>=80%. Check trend context or policy override.,0.96,0.5854,BEAR,2021-03-19,WATCH,strong_offensive_override
midtrend_bear_high_stock,WARNING,mid_trend=BEAR but stock>=80%. Check trend context or policy override.,1.0,0.545,BEAR,2021-03-22,NORMAL,strong_offensive_override
midtrend_bear_high_stock,WARNING,mid_trend=BEAR but stock>=80%. Check trend context or policy override.,1.0,0.5089,BEAR,2021-03-23,NORMAL,strong_offensive_override
midtrend_bear_high_stock,WARNING,mid_trend=BEAR but stock>=80%. Check trend context or policy override.,1.0,0.5228,BEAR,2021-03-24,NORMAL,strong_offensive_override
midtrend_bear_high_stock,WARNING,mid_trend=BEAR but stock>=80%. Check trend context or policy override.,1.0,0.545,BEAR,2021-03-25,NORMAL,strong_offensive_override
midtrend_bear_high_stock,WARNING,mid_trend=BEAR but stock>=80%. Check trend context or policy override.,1.0,0.5322,BEAR,2021-03-26,NORMAL,strong_offensive_override
midtrend_bear_high_stock,WARNING,mid_trend=BEAR but stock>=80%. Check trend context or policy override.,1.0,0.5108,BEAR,2021-03-29,NORMAL,strong_offensive_override
midtrend_bear_high_stock,WARNING,mid_trend=BEAR but stock>=80%. Check trend context or policy override.,1.0,0.5024,BEAR,2021-03-30,NORMAL,strong_offensive_override
midtrend_bear_high_stock,WARNING,mid_trend=BEAR but stock>=80%. Check trend context or policy override.,1.0,0.4728,BEAR,2021-03-31,NORMAL,strong_offensive_override
highvol_high_stock,WARNING,prob_high_vol>0.60 but stock>=80%.,0.82,0.604,NEUTRAL,2021-05-13,WATCH,scheduled
midtrend_bear_high_stock,WARNING,mid_trend=BEAR but stock>=80%. Check trend context or policy override.,0.96,0.6092,BEAR,2022-01-20,WATCH,strong_offensive_override
highvol_high_stock,WARNING,prob_high_vol>0.60 but stock>=80%.,0.96,0.6092,BEAR,2022-01-20,WATCH,strong_offensive_override
midtrend_bear_high_stock,WARNING,mid_trend=BEAR but stock>=80%. Check trend context or policy override.,0.96,0.6226,BEAR,2022-01-21,WATCH,strong_offensive_override
highvol_high_stock,WARNING,prob_high_vol>0.60 but stock>=80%.,0.96,0.6226,BEAR,2022-01-21,WATCH,strong_offensive_override
midtrend_bear_high_stock,WARNING,mid_trend=BEAR but stock>=80%. Check trend context or policy override.,0.96,0.6536,BEAR,2022-01-24,WATCH,strong_offensive_override
highvol_high_stock,WARNING,prob_high_vol>0.60 but stock>=80%.,0.96,0.6536,BEAR,2022-01-24,WATCH,strong_offensive_override
midtrend_bear_high_stock,WARNING,mid_trend=BEAR but stock>=80%. Check trend context or policy override.,0.96,0.6785,BEAR,2022-01-25,WATCH,strong_offensive_override
highvol_high_stock,WARNING,prob_high_vol>0.60 but stock>=80%.,0.96,0.6785,BEAR,2022-01-25,WATCH,strong_offensive_override
midtrend_bear_high_stock,WARNING,mid_trend=BEAR but stock>=80%. Check trend context or policy override.,0.96,0.6957,BEAR,2022-01-26,CUSTOM,not_rebalance_day
highvol_high_stock,WARNING,prob_high_vol>0.60 but stock>=80%.,0.96,0.6957,BEAR,2022-01-26,CUSTOM,not_rebalance_day
midtrend_bear_high_stock,WARNING,mid_trend=BEAR but stock>=80%. Check trend context or policy override.,0.8,0.7106,BEAR,2022-01-27,WATCH,no_trade_override_prob_high_vol_cross_0.70
highvol_high_stock,WARNING,prob_high_vol>0.60 but stock>=80%.,0.8,0.7106,BEAR,2022-01-27,WATCH,no_trade_override_prob_high_vol_cross_0.70
midtrend_bear_high_stock,WARNING,mid_trend=BEAR but stock>=80%. Check trend context or policy override.,0.8,0.7222,BEAR,2022-01-28,CUSTOM,no_trade_band
highvol_high_stock,WARNING,prob_high_vol>0.60 but stock>=80%.,0.8,0.7222,BEAR,2022-01-28,CUSTOM,no_trade_band
midtrend_bear_high_stock,WARNING,mid_trend=BEAR but stock>=80%. Check trend context or policy override.,0.8,0.7209,BEAR,2022-01-31,CUSTOM,not_rebalance_day
highvol_high_stock,WARNING,prob_high_vol>0.60 but stock>=80%.,0.8,0.7209,BEAR,2022-01-31,CUSTOM,not_rebalance_day
midtrend_bear_high_stock,WARNING,mid_trend=BEAR but stock>=80%. Check trend context or policy override.,0.8,0.7195,BEAR,2022-02-01,CUSTOM,not_rebalance_day
highvol_high_stock,WARNING,prob_high_vol>0.60 but stock>=80%.,0.8,0.7195,BEAR,2022-02-01,CUSTOM,not_rebalance_day
midtrend_bear_high_stock,WARNING,mid_trend=BEAR but stock>=80%. Check trend context or policy override.,0.8,0.703,BEAR,2022-02-02,CUSTOM,not_rebalance_day
highvol_high_stock,WARNING,prob_high_vol>0.60 but stock>=80%.,0.8,0.703,BEAR,2022-02-02,CUSTOM,not_rebalance_day
midtrend_bear_high_stock,WARNING,mid_trend=BEAR but stock>=80%. Check trend context or policy override.,0.8,0.6883,BEAR,2022-02-03,CUSTOM,not_rebalance_day
highvol_high_stock,WARNING,prob_high_vol>0.60 but stock>=80%.,0.8,0.6883,BEAR,2022-02-03,CUSTOM,not_rebalance_day
midtrend_bear_high_stock,WARNING,mid_trend=BEAR but stock>=80%. Check trend context or policy override.,0.96,0.6789,BEAR,2022-02-04,WATCH,strong_offensive_override
highvol_high_stock,WARNING,prob_high_vol>0.60 but stock>=80%.,0.96,0.6789,BEAR,2022-02-04,WATCH,strong_offensive_override
midtrend_bear_high_stock,WARNING,mid_trend=BEAR but stock>=80%. Check trend context or policy override.,0.96,0.6604,BEAR,2022-02-07,WATCH,strong_offensive_override
highvol_high_stock,WARNING,prob_high_vol>0.60 but stock>=80%.,0.96,0.6604,BEAR,2022-02-07,WATCH,strong_offensive_override
midtrend_bear_high_stock,WARNING,mid_trend=BEAR but stock>=80%. Check trend context or policy override.,0.96,0.6462,BEAR,2022-02-08,WATCH,strong_offensive_override
highvol_high_stock,WARNING,prob_high_vol>0.60 but stock>=80%.,0.96,0.6462,BEAR,2022-02-08,WATCH,strong_offensive_override
midtrend_bear_high_stock,WARNING,mid_trend=BEAR but stock>=80%. Check trend context or policy override.,0.96,0.6129,BEAR,2022-02-09,WATCH,strong_offensive_override
highvol_high_stock,WARNING,prob_high_vol>0.60 but stock>=80%.,0.96,0.6129,BEAR,2022-02-09,WATCH,strong_offensive_override
midtrend_bear_high_stock,WARNING,mid_trend=BEAR but stock>=80%. Check trend context or policy override.,0.96,0.6126,BEAR,2022-02-10,WATCH,strong_offensive_override
highvol_high_stock,WARNING,prob_high_vol>0.60 but stock>=80%.,0.96,0.6126,BEAR,2022-02-10,WATCH,strong_offensive_override
midtrend_bear_high_stock,WARNING,mid_trend=BEAR but stock>=80%. Check trend context or policy override.,0.96,0.6342,BEAR,2022-02-11,WATCH,strong_offensive_override
highvol_high_stock,WARNING,prob_high_vol>0.60 but stock>=80%.,0.96,0.6342,BEAR,2022-02-11,WATCH,strong_offensive_override
midtrend_bear_high_stock,WARNING,mid_trend=BEAR but stock>=80%. Check trend context or policy override.,0.96,0.6466,BEAR,2022-02-14,WATCH,strong_offensive_override
highvol_high_stock,WARNING,prob_high_vol>0.60 but stock>=80%.,0.96,0.6466,BEAR,2022-02-14,WATCH,strong_offensive_override
midtrend_bear_high_stock,WARNING,mid_trend=BEAR but stock>=80%. Check trend context or policy override.,0.96,0.6325,BEAR,2022-02-15,WATCH,strong_offensive_override
highvol_high_stock,WARNING,prob_high_vol>0.60 but stock>=80%.,0.96,0.6325,BEAR,2022-02-15,WATCH,strong_offensive_override
midtrend_bear_high_stock,WARNING,mid_trend=BEAR but stock>=80%. Check trend context or policy override.,0.96,0.6224,BEAR,2022-02-16,WATCH,strong_offensive_override
highvol_high_stock,WARNING,prob_high_vol>0.60 but stock>=80%.,0.96,0.6224,BEAR,2022-02-16,WATCH,strong_offensive_override
midtrend_bear_high_stock,WARNING,mid_trend=BEAR but stock>=80%. Check trend context or policy override.,0.96,0.6394,BEAR,2022-02-17,WATCH,strong_offensive_override
highvol_high_stock,WARNING,prob_high_vol>0.60 but stock>=80%.,0.96,0.6394,BEAR,2022-02-17,WATCH,strong_offensive_override
midtrend_bear_high_stock,WARNING,mid_trend=BEAR but stock>=80%. Check trend context or policy override.,0.96,0.6732,BEAR,2022-02-18,WATCH,strong_offensive_override
highvol_high_stock,WARNING,prob_high_vol>0.60 but stock>=80%.,0.96,0.6732,BEAR,2022-02-18,WATCH,strong_offensive_override
midtrend_bear_high_stock,WARNING,mid_trend=BEAR but stock>=80%. Check trend context or policy override.,0.8,0.7003,BEAR,2022-02-22,WATCH,no_trade_override_prob_high_vol_cross_0.70
highvol_high_stock,WARNING,prob_high_vol>0.60 but stock>=80%.,0.8,0.7003,BEAR,2022-02-22,WATCH,no_trade_override_prob_high_vol_cross_0.70
midtrend_bear_high_stock,WARNING,mid_trend=BEAR but stock>=80%. Check trend context or policy override.,0.8,0.7157,BEAR,2022-02-23,CUSTOM,not_rebalance_day
highvol_high_stock,WARNING,prob_high_vol>0.60 but stock>=80%.,0.8,0.7157,BEAR,2022-02-23,CUSTOM,not_rebalance_day
midtrend_bear_high_stock,WARNING,mid_trend=BEAR but stock>=80%. Check trend context or policy override.,0.8,0.7189,BEAR,2022-02-24,CUSTOM,not_rebalance_day
highvol_high_stock,WARNING,prob_high_vol>0.60 but stock>=80%.,0.8,0.7189,BEAR,2022-02-24,CUSTOM,not_rebalance_day
midtrend_bear_high_stock,WARNING,mid_trend=BEAR but stock>=80%. Check trend context or policy override.,0.8,0.7182,BEAR,2022-02-25,CUSTOM,not_rebalance_day
highvol_high_stock,WARNING,prob_high_vol>0.60 but stock>=80%.,0.8,0.7182,BEAR,2022-02-25,CUSTOM,not_rebalance_day
midtrend_bear_high_stock,WARNING,mid_trend=BEAR but stock>=80%. Check trend context or policy override.,0.8,0.7126,BEAR,2022-02-28,CUSTOM,no_trade_band
highvol_high_stock,WARNING,prob_high_vol>0.60 but stock>=80%.,0.8,0.7126,BEAR,2022-02-28,CUSTOM,no_trade_band
midtrend_bear_high_stock,WARNING,mid_trend=BEAR but stock>=80%. Check trend context or policy override.,0.8,0.7215,BEAR,2022-03-01,CUSTOM,not_rebalance_day
highvol_high_stock,WARNING,prob_high_vol>0.60 but stock>=80%.,0.8,0.7215,BEAR,2022-03-01,CUSTOM,not_rebalance_day
midtrend_bear_high_stock,WARNING,mid_trend=BEAR but stock>=80%. Check trend context or policy override.,0.8,0.7161,BEAR,2022-03-02,CUSTOM,not_rebalance_day
highvol_high_stock,WARNING,prob_high_vol>0.60 but stock>=80%.,0.8,0.7161,BEAR,2022-03-02,CUSTOM,not_rebalance_day
midtrend_bear_high_stock,WARNING,mid_trend=BEAR but stock>=80%. Check trend context or policy override.,0.8,0.7163,BEAR,2022-03-03,CUSTOM,not_rebalance_day
highvol_high_stock,WARNING,prob_high_vol>0.60 but stock>=80%.,0.8,0.7163,BEAR,2022-03-03,CUSTOM,not_rebalance_day
midtrend_bear_high_stock,WARNING,mid_trend=BEAR but stock>=80%. Check trend context or policy override.,0.8,0.7276,BEAR,2022-03-04,CUSTOM,not_rebalance_day
highvol_high_stock,WARNING,prob_high_vol>0.60 but stock>=80%.,0.8,0.7276,BEAR,2022-03-04,CUSTOM,not_rebalance_day
midtrend_bear_high_stock,WARNING,mid_trend=BEAR but stock>=80%. Check trend context or policy override.,0.8,0.7553,BEAR,2022-03-07,CUSTOM,no_trade_band
highvol_high_stock,WARNING,prob_high_vol>0.60 but stock>=80%.,0.8,0.7553,BEAR,2022-03-07,CUSTOM,no_trade_band
midtrend_bear_high_stock,WARNING,mid_trend=BEAR but stock>=80%. Check trend context or policy override.,0.8,0.7777,BEAR,2022-03-08,CUSTOM,not_rebalance_day
highvol_high_stock,WARNING,prob_high_vol>0.60 but stock>=80%.,0.8,0.7777,BEAR,2022-03-08,CUSTOM,not_rebalance_day
midtrend_bear_high_stock,WARNING,mid_trend=BEAR but stock>=80%. Check trend context or policy override.,0.8,0.7861,BEAR,2022-03-09,CUSTOM,no_trade_band
highvol_high_stock,WARNING,prob_high_vol>0.60 but stock>=80%.,0.8,0.7861,BEAR,2022-03-09,CUSTOM,no_trade_band
midtrend_bear_high_stock,WARNING,mid_trend=BEAR but stock>=80%. Check trend context or policy override.,0.8,0.7992,BEAR,2022-03-10,CUSTOM,not_rebalance_day
highvol_high_stock,WARNING,prob_high_vol>0.60 but stock>=80%.,0.8,0.7992,BEAR,2022-03-10,CUSTOM,not_rebalance_day
midtrend_bear_high_stock,WARNING,mid_trend=BEAR but stock>=80%. Check trend context or policy override.,0.8,0.8138,BEAR,2022-03-11,CUSTOM,not_rebalance_day
highvol_high_stock,WARNING,prob_high_vol>0.60 but stock>=80%.,0.8,0.8138,BEAR,2022-03-11,CUSTOM,not_rebalance_day
extreme_highvol_full_stock,HARD_CAP,prob_high_vol>0.80 but stock>=70%.,0.8,0.8138,BEAR,2022-03-11,CUSTOM,not_rebalance_day
midtrend_bear_high_stock,WARNING,mid_trend=BEAR but stock>=80%. Check trend context or policy override.,0.8,0.7826,BEAR,2022-03-16,RISK_OFF,emergency
highvol_high_stock,WARNING,prob_high_vol>0.60 but stock>=80%.,0.8,0.7826,BEAR,2022-03-16,RISK_OFF,emergency
midtrend_bear_high_stock,WARNING,mid_trend=BEAR but stock>=80%. Check trend context or policy override.,0.8,0.7561,BEAR,2022-03-17,CUSTOM,not_rebalance_day
highvol_high_stock,WARNING,prob_high_vol>0.60 but stock>=80%.,0.8,0.7561,BEAR,2022-03-17,CUSTOM,not_rebalance_day
highvol_high_stock,WARNING,prob_high_vol>0.60 but stock>=80%.,0.8,0.7335,NEUTRAL,2022-03-18,CUSTOM,not_rebalance_day
highvol_high_stock,WARNING,prob_high_vol>0.60 but stock>=80%.,0.8,0.7082,NEUTRAL,2022-03-21,CUSTOM,no_trade_band
highvol_high_stock,WARNING,prob_high_vol>0.60 but stock>=80%.,0.8,0.6895,NEUTRAL,2022-03-22,CUSTOM,not_rebalance_day
midtrend_bear_high_stock,WARNING,mid_trend=BEAR but stock>=80%. Check trend context or policy override.,0.8,0.6831,BEAR,2022-03-23,CUSTOM,not_rebalance_day
highvol_high_stock,WARNING,prob_high_vol>0.60 but stock>=80%.,0.8,0.6831,BEAR,2022-03-23,CUSTOM,not_rebalance_day
highvol_high_stock,WARNING,prob_high_vol>0.60 but stock>=80%.,0.96,0.6647,NEUTRAL,2022-03-24,WATCH,strong_offensive_override
highvol_high_stock,WARNING,prob_high_vol>0.60 but stock>=80%.,0.96,0.6588,NEUTRAL,2022-03-25,WATCH,strong_offensive_override
highvol_high_stock,WARNING,prob_high_vol>0.60 but stock>=80%.,0.96,0.6454,NEUTRAL,2022-03-28,WATCH,strong_offensive_override
highvol_high_stock,WARNING,prob_high_vol>0.60 but stock>=80%.,0.96,0.6359,NEUTRAL,2022-03-29,WATCH,strong_offensive_override
highvol_high_stock,WARNING,prob_high_vol>0.60 but stock>=80%.,0.96,0.6312,NEUTRAL,2022-03-30,WATCH,strong_offensive_override
highvol_high_stock,WARNING,prob_high_vol>0.60 but stock>=80%.,0.96,0.636,BULL,2022-03-31,WATCH,strong_offensive_override
highvol_high_stock,WARNING,prob_high_vol>0.60 but stock>=80%.,0.96,0.642,BULL,2022-04-01,WATCH,strong_offensive_override
highvol_high_stock,WARNING,prob_high_vol>0.60 but stock>=80%.,0.96,0.6245,BULL,2022-04-04,WATCH,strong_offensive_override
highvol_high_stock,WARNING,prob_high_vol>0.60 but stock>=80%.,0.96,0.6386,BULL,2022-04-05,WATCH,strong_offensive_override
highvol_high_stock,WARNING,prob_high_vol>0.60 but stock>=80%.,0.96,0.6606,NEUTRAL,2022-04-06,WATCH,strong_offensive_override
highvol_high_stock,WARNING,prob_high_vol>0.60 but stock>=80%.,0.96,0.6808,NEUTRAL,2022-04-07,CUSTOM,not_rebalance_day
highvol_high_stock,WARNING,prob_high_vol>0.60 but stock>=80%.,0.96,0.6991,NEUTRAL,2022-04-08,CUSTOM,not_rebalance_day
midtrend_bear_high_stock,WARNING,mid_trend=BEAR but stock>=80%. Check trend context or policy override.,0.8,0.7136,BEAR,2022-04-11,WATCH,scheduled
highvol_high_stock,WARNING,prob_high_vol>0.60 but stock>=80%.,0.8,0.7136,BEAR,2022-04-11,WATCH,scheduled
midtrend_bear_high_stock,WARNING,mid_trend=BEAR but stock>=80%. Check trend context or policy override.,0.8,0.7465,BEAR,2022-04-12,CUSTOM,not_rebalance_day
highvol_high_stock,WARNING,prob_high_vol>0.60 but stock>=80%.,0.8,0.7465,BEAR,2022-04-12,CUSTOM,not_rebalance_day
midtrend_bear_high_stock,WARNING,mid_trend=BEAR but stock>=80%. Check trend context or policy override.,0.8,0.7537,BEAR,2022-04-13,CUSTOM,not_rebalance_day
highvol_high_stock,WARNING,prob_high_vol>0.60 but stock>=80%.,0.8,0.7537,BEAR,2022-04-13,CUSTOM,not_rebalance_day
midtrend_bear_high_stock,WARNING,mid_trend=BEAR but stock>=80%. Check trend context or policy override.,0.8,0.7821,BEAR,2022-04-14,CUSTOM,no_trade_band
highvol_high_stock,WARNING,prob_high_vol>0.60 but stock>=80%.,0.8,0.7821,BEAR,2022-04-14,CUSTOM,no_trade_band
midtrend_bear_high_stock,WARNING,mid_trend=BEAR but stock>=80%. Check trend context or policy override.,0.8,0.7905,BEAR,2022-04-18,CUSTOM,not_rebalance_day
highvol_high_stock,WARNING,prob_high_vol>0.60 but stock>=80%.,0.8,0.7905,BEAR,2022-04-18,CUSTOM,not_rebalance_day
midtrend_bear_high_stock,WARNING,mid_trend=BEAR but stock>=80%. Check trend context or policy override.,0.8,0.7908,BEAR,2022-04-19,CUSTOM,no_trade_band
highvol_high_stock,WARNING,prob_high_vol>0.60 but stock>=80%.,0.8,0.7908,BEAR,2022-04-19,CUSTOM,no_trade_band
midtrend_bear_high_stock,WARNING,mid_trend=BEAR but stock>=80%. Check trend context or policy override.,0.8,0.7979,BEAR,2022-04-20,CUSTOM,not_rebalance_day
highvol_high_stock,WARNING,prob_high_vol>0.60 but stock>=80%.,0.8,0.7979,BEAR,2022-04-20,CUSTOM,not_rebalance_day
midtrend_bear_high_stock,WARNING,mid_trend=BEAR but stock>=80%. Check trend context or policy override.,0.8,0.7834,BEAR,2022-06-30,RISK_OFF,emergency
highvol_high_stock,WARNING,prob_high_vol>0.60 but stock>=80%.,0.8,0.7834,BEAR,2022-06-30,RISK_OFF,emergency
midtrend_bear_high_stock,WARNING,mid_trend=BEAR but stock>=80%. Check trend context or policy override.,0.8,0.7926,BEAR,2022-07-01,CUSTOM,not_rebalance_day
highvol_high_stock,WARNING,prob_high_vol>0.60 but stock>=80%.,0.8,0.7926,BEAR,2022-07-01,CUSTOM,not_rebalance_day
midtrend_bear_high_stock,WARNING,mid_trend=BEAR but stock>=80%. Check trend context or policy override.,0.8,0.7986,BEAR,2022-07-05,CUSTOM,not_rebalance_day
highvol_high_stock,WARNING,prob_high_vol>0.60 but stock>=80%.,0.8,0.7986,BEAR,2022-07-05,CUSTOM,not_rebalance_day
midtrend_bear_high_stock,WARNING,mid_trend=BEAR but stock>=80%. Check trend context or policy override.,0.8,0.8047,BEAR,2022-07-06,CUSTOM,not_rebalance_day
highvol_high_stock,WARNING,prob_high_vol>0.60 but stock>=80%.,0.8,0.8047,BEAR,2022-07-06,CUSTOM,not_rebalance_day
extreme_highvol_full_stock,HARD_CAP,prob_high_vol>0.80 but stock>=70%.,0.8,0.8047,BEAR,2022-07-06,CUSTOM,not_rebalance_day
midtrend_bear_high_stock,WARNING,mid_trend=BEAR but stock>=80%. Check trend context or policy override.,0.8,0.7936,BEAR,2022-07-07,CUSTOM,not_rebalance_day
highvol_high_stock,WARNING,prob_high_vol>0.60 but stock>=80%.,0.8,0.7936,BEAR,2022-07-07,CUSTOM,not_rebalance_day
midtrend_bear_high_stock,WARNING,mid_trend=BEAR but stock>=80%. Check trend context or policy override.,0.8,0.7825,BEAR,2022-07-08,CUSTOM,no_trade_band
highvol_high_stock,WARNING,prob_high_vol>0.60 but stock>=80%.,0.8,0.7825,BEAR,2022-07-08,CUSTOM,no_trade_band
midtrend_bear_high_stock,WARNING,mid_trend=BEAR but stock>=80%. Check trend context or policy override.,0.8,0.788,BEAR,2022-07-11,CUSTOM,not_rebalance_day
highvol_high_stock,WARNING,prob_high_vol>0.60 but stock>=80%.,0.8,0.788,BEAR,2022-07-11,CUSTOM,not_rebalance_day
midtrend_bear_high_stock,WARNING,mid_trend=BEAR but stock>=80%. Check trend context or policy override.,0.8,0.7812,BEAR,2022-07-12,CUSTOM,not_rebalance_day
highvol_high_stock,WARNING,prob_high_vol>0.60 but stock>=80%.,0.8,0.7812,BEAR,2022-07-12,CUSTOM,not_rebalance_day
midtrend_bear_high_stock,WARNING,mid_trend=BEAR but stock>=80%. Check trend context or policy override.,0.8,0.79,BEAR,2022-07-13,CUSTOM,not_rebalance_day
highvol_high_stock,WARNING,prob_high_vol>0.60 but stock>=80%.,0.8,0.79,BEAR,2022-07-13,CUSTOM,not_rebalance_day
midtrend_bear_high_stock,WARNING,mid_trend=BEAR but stock>=80%. Check trend context or policy override.,0.8,0.7865,BEAR,2022-07-14,CUSTOM,not_rebalance_day
highvol_high_stock,WARNING,prob_high_vol>0.60 but stock>=80%.,0.8,0.7865,BEAR,2022-07-14,CUSTOM,not_rebalance_day
midtrend_bear_high_stock,WARNING,mid_trend=BEAR but stock>=80%. Check trend context or policy override.,0.8,0.755,BEAR,2022-07-15,CUSTOM,no_trade_band
highvol_high_stock,WARNING,prob_high_vol>0.60 but stock>=80%.,0.8,0.755,BEAR,2022-07-15,CUSTOM,no_trade_band
midtrend_bear_high_stock,WARNING,mid_trend=BEAR but stock>=80%. Check trend context or policy override.,0.8,0.7307,BEAR,2022-07-18,CUSTOM,not_rebalance_day
highvol_high_stock,WARNING,prob_high_vol>0.60 but stock>=80%.,0.8,0.7307,BEAR,2022-07-18,CUSTOM,not_rebalance_day
midtrend_bear_high_stock,WARNING,mid_trend=BEAR but stock>=80%. Check trend context or policy override.,0.8,0.7142,BEAR,2022-07-19,CUSTOM,not_rebalance_day
highvol_high_stock,WARNING,prob_high_vol>0.60 but stock>=80%.,0.8,0.7142,BEAR,2022-07-19,CUSTOM,not_rebalance_day
midtrend_bear_high_stock,WARNING,mid_trend=BEAR but stock>=80%. Check trend context or policy override.,0.8,0.7032,BEAR,2022-07-20,CUSTOM,not_rebalance_day
highvol_high_stock,WARNING,prob_high_vol>0.60 but stock>=80%.,0.8,0.7032,BEAR,2022-07-20,CUSTOM,not_rebalance_day
midtrend_bear_high_stock,WARNING,mid_trend=BEAR but stock>=80%. Check trend context or policy override.,0.8,0.6949,BEAR,2022-07-21,CUSTOM,not_rebalance_day
highvol_high_stock,WARNING,prob_high_vol>0.60 but stock>=80%.,0.8,0.6949,BEAR,2022-07-21,CUSTOM,not_rebalance_day
midtrend_bear_high_stock,WARNING,mid_trend=BEAR but stock>=80%. Check trend context or policy override.,0.8,0.6927,BEAR,2022-07-22,CUSTOM,no_trade_band
highvol_high_stock,WARNING,prob_high_vol>0.60 but stock>=80%.,0.8,0.6927,BEAR,2022-07-22,CUSTOM,no_trade_band
midtrend_bear_high_stock,WARNING,mid_trend=BEAR but stock>=80%. Check trend context or policy override.,0.8,0.6965,BEAR,2022-07-25,CUSTOM,not_rebalance_day
highvol_high_stock,WARNING,prob_high_vol>0.60 but stock>=80%.,0.8,0.6965,BEAR,2022-07-25,CUSTOM,not_rebalance_day
midtrend_bear_high_stock,WARNING,mid_trend=BEAR but stock>=80%. Check trend context or policy override.,0.8,0.6987,BEAR,2022-07-26,CUSTOM,not_rebalance_day
highvol_high_stock,WARNING,prob_high_vol>0.60 but stock>=80%.,0.8,0.6987,BEAR,2022-07-26,CUSTOM,not_rebalance_day
midtrend_bear_high_stock,WARNING,mid_trend=BEAR but stock>=80%. Check trend context or policy override.,0.8,0.6976,BEAR,2022-07-27,CUSTOM,not_rebalance_day
highvol_high_stock,WARNING,prob_high_vol>0.60 but stock>=80%.,0.8,0.6976,BEAR,2022-07-27,CUSTOM,not_rebalance_day
midtrend_bear_high_stock,WARNING,mid_trend=BEAR but stock>=80%. Check trend context or policy override.,0.8,0.686,BEAR,2022-07-28,CUSTOM,not_rebalance_day
highvol_high_stock,WARNING,prob_high_vol>0.60 but stock>=80%.,0.8,0.686,BEAR,2022-07-28,CUSTOM,not_rebalance_day
midtrend_bear_high_stock,WARNING,mid_trend=BEAR but stock>=80%. Check trend context or policy override.,0.96,0.6621,BEAR,2022-07-29,WATCH,strong_offensive_override
highvol_high_stock,WARNING,prob_high_vol>0.60 but stock>=80%.,0.96,0.6621,BEAR,2022-07-29,WATCH,strong_offensive_override
midtrend_bear_high_stock,WARNING,mid_trend=BEAR but stock>=80%. Check trend context or policy override.,0.96,0.6415,BEAR,2022-08-01,WATCH,strong_offensive_override
highvol_high_stock,WARNING,prob_high_vol>0.60 but stock>=80%.,0.96,0.6415,BEAR,2022-08-01,WATCH,strong_offensive_override
midtrend_bear_high_stock,WARNING,mid_trend=BEAR but stock>=80%. Check trend context or policy override.,0.96,0.6201,BEAR,2022-08-02,WATCH,strong_offensive_override
highvol_high_stock,WARNING,prob_high_vol>0.60 but stock>=80%.,0.96,0.6201,BEAR,2022-08-02,WATCH,strong_offensive_override
midtrend_bear_high_stock,WARNING,mid_trend=BEAR but stock>=80%. Check trend context or policy override.,1.0,0.5663,BEAR,2022-08-03,WATCH,strong_offensive_override
midtrend_bear_high_stock,WARNING,mid_trend=BEAR but stock>=80%. Check trend context or policy override.,0.96,0.5312,BEAR,2022-08-23,NORMAL,strong_offensive_override
midtrend_bear_high_stock,WARNING,mid_trend=BEAR but stock>=80%. Check trend context or policy override.,0.96,0.5418,BEAR,2022-08-26,NORMAL,strong_offensive_override
midtrend_bear_high_stock,WARNING,mid_trend=BEAR but stock>=80%. Check trend context or policy override.,0.96,0.5646,BEAR,2022-08-29,WATCH,strong_offensive_override
midtrend_bear_high_stock,WARNING,mid_trend=BEAR but stock>=80%. Check trend context or policy override.,0.96,0.589,BEAR,2022-08-30,WATCH,strong_offensive_override
midtrend_bear_high_stock,WARNING,mid_trend=BEAR but stock>=80%. Check trend context or policy override.,0.96,0.6075,BEAR,2022-08-31,WATCH,strong_offensive_override
highvol_high_stock,WARNING,prob_high_vol>0.60 but stock>=80%.,0.96,0.6075,BEAR,2022-08-31,WATCH,strong_offensive_override
midtrend_bear_high_stock,WARNING,mid_trend=BEAR but stock>=80%. Check trend context or policy override.,0.96,0.6193,BEAR,2022-09-01,WATCH,strong_offensive_override
highvol_high_stock,WARNING,prob_high_vol>0.60 but stock>=80%.,0.96,0.6193,BEAR,2022-09-01,WATCH,strong_offensive_override
midtrend_bear_high_stock,WARNING,mid_trend=BEAR but stock>=80%. Check trend context or policy override.,0.96,0.6289,BEAR,2022-09-02,WATCH,strong_offensive_override
highvol_high_stock,WARNING,prob_high_vol>0.60 but stock>=80%.,0.96,0.6289,BEAR,2022-09-02,WATCH,strong_offensive_override
midtrend_bear_high_stock,WARNING,mid_trend=BEAR but stock>=80%. Check trend context or policy override.,0.96,0.6438,BEAR,2022-09-06,WATCH,strong_offensive_override
highvol_high_stock,WARNING,prob_high_vol>0.60 but stock>=80%.,0.96,0.6438,BEAR,2022-09-06,WATCH,strong_offensive_override
midtrend_bear_high_stock,WARNING,mid_trend=BEAR but stock>=80%. Check trend context or policy override.,0.96,0.6594,BEAR,2022-09-07,WATCH,strong_offensive_override
highvol_high_stock,WARNING,prob_high_vol>0.60 but stock>=80%.,0.96,0.6594,BEAR,2022-09-07,WATCH,strong_offensive_override
midtrend_bear_high_stock,WARNING,mid_trend=BEAR but stock>=80%. Check trend context or policy override.,0.96,0.6934,BEAR,2022-09-08,CUSTOM,not_rebalance_day
highvol_high_stock,WARNING,prob_high_vol>0.60 but stock>=80%.,0.96,0.6934,BEAR,2022-09-08,CUSTOM,not_rebalance_day
midtrend_bear_high_stock,WARNING,mid_trend=BEAR but stock>=80%. Check trend context or policy override.,0.8,0.7223,BEAR,2022-09-09,WATCH,no_trade_override_prob_high_vol_cross_0.70
highvol_high_stock,WARNING,prob_high_vol>0.60 but stock>=80%.,0.8,0.7223,BEAR,2022-09-09,WATCH,no_trade_override_prob_high_vol_cross_0.70
midtrend_bear_high_stock,WARNING,mid_trend=BEAR but stock>=80%. Check trend context or policy override.,0.8,0.7344,BEAR,2022-09-12,CUSTOM,no_trade_band
highvol_high_stock,WARNING,prob_high_vol>0.60 but stock>=80%.,0.8,0.7344,BEAR,2022-09-12,CUSTOM,no_trade_band
midtrend_bear_high_stock,WARNING,mid_trend=BEAR but stock>=80%. Check trend context or policy override.,0.8,0.7471,BEAR,2022-09-13,CUSTOM,not_rebalance_day
highvol_high_stock,WARNING,prob_high_vol>0.60 but stock>=80%.,0.8,0.7471,BEAR,2022-09-13,CUSTOM,not_rebalance_day
midtrend_bear_high_stock,WARNING,mid_trend=BEAR but stock>=80%. Check trend context or policy override.,0.8,0.7589,BEAR,2022-09-14,CUSTOM,not_rebalance_day
highvol_high_stock,WARNING,prob_high_vol>0.60 but stock>=80%.,0.8,0.7589,BEAR,2022-09-14,CUSTOM,not_rebalance_day
midtrend_bear_high_stock,WARNING,mid_trend=BEAR but stock>=80%. Check trend context or policy override.,0.8,0.7679,BEAR,2022-09-15,CUSTOM,not_rebalance_day
highvol_high_stock,WARNING,prob_high_vol>0.60 but stock>=80%.,0.8,0.7679,BEAR,2022-09-15,CUSTOM,not_rebalance_day
midtrend_bear_high_stock,WARNING,mid_trend=BEAR but stock>=80%. Check trend context or policy override.,0.8,0.7738,BEAR,2022-09-16,CUSTOM,not_rebalance_day
highvol_high_stock,WARNING,prob_high_vol>0.60 but stock>=80%.,0.8,0.7738,BEAR,2022-09-16,CUSTOM,not_rebalance_day
midtrend_bear_high_stock,WARNING,mid_trend=BEAR but stock>=80%. Check trend context or policy override.,0.8,0.7736,BEAR,2022-09-19,CUSTOM,no_trade_band
highvol_high_stock,WARNING,prob_high_vol>0.60 but stock>=80%.,0.8,0.7736,BEAR,2022-09-19,CUSTOM,no_trade_band
midtrend_bear_high_stock,WARNING,mid_trend=BEAR but stock>=80%. Check trend context or policy override.,0.8,0.7754,BEAR,2022-09-20,CUSTOM,not_rebalance_day
highvol_high_stock,WARNING,prob_high_vol>0.60 but stock>=80%.,0.8,0.7754,BEAR,2022-09-20,CUSTOM,not_rebalance_day
midtrend_bear_high_stock,WARNING,mid_trend=BEAR but stock>=80%. Check trend context or policy override.,0.8,0.7822,BEAR,2022-09-21,CUSTOM,no_trade_band
highvol_high_stock,WARNING,prob_high_vol>0.60 but stock>=80%.,0.8,0.7822,BEAR,2022-09-21,CUSTOM,no_trade_band
midtrend_bear_high_stock,WARNING,mid_trend=BEAR but stock>=80%. Check trend context or policy override.,0.8,0.7946,BEAR,2022-09-22,CUSTOM,not_rebalance_day
highvol_high_stock,WARNING,prob_high_vol>0.60 but stock>=80%.,0.8,0.7946,BEAR,2022-09-22,CUSTOM,not_rebalance_day
midtrend_bear_high_stock,WARNING,mid_trend=BEAR but stock>=80%. Check trend context or policy override.,0.8,0.7987,BEAR,2022-09-23,CUSTOM,not_rebalance_day
highvol_high_stock,WARNING,prob_high_vol>0.60 but stock>=80%.,0.8,0.7987,BEAR,2022-09-23,CUSTOM,not_rebalance_day
midtrend_bear_high_stock,WARNING,mid_trend=BEAR but stock>=80%. Check trend context or policy override.,0.8,0.7903,BEAR,2022-09-26,CUSTOM,no_trade_band
highvol_high_stock,WARNING,prob_high_vol>0.60 but stock>=80%.,0.8,0.7903,BEAR,2022-09-26,CUSTOM,no_trade_band
midtrend_bear_high_stock,WARNING,mid_trend=BEAR but stock>=80%. Check trend context or policy override.,0.8,0.7848,BEAR,2022-09-27,CUSTOM,not_rebalance_day
highvol_high_stock,WARNING,prob_high_vol>0.60 but stock>=80%.,0.8,0.7848,BEAR,2022-09-27,CUSTOM,not_rebalance_day
midtrend_bear_high_stock,WARNING,mid_trend=BEAR but stock>=80%. Check trend context or policy override.,0.8,0.7776,BEAR,2022-09-28,CUSTOM,not_rebalance_day
highvol_high_stock,WARNING,prob_high_vol>0.60 but stock>=80%.,0.8,0.7776,BEAR,2022-09-28,CUSTOM,not_rebalance_day
midtrend_bear_high_stock,WARNING,mid_trend=BEAR but stock>=80%. Check trend context or policy override.,0.8,0.7743,BEAR,2022-09-29,CUSTOM,not_rebalance_day
highvol_high_stock,WARNING,prob_high_vol>0.60 but stock>=80%.,0.8,0.7743,BEAR,2022-09-29,CUSTOM,not_rebalance_day
midtrend_bear_high_stock,WARNING,mid_trend=BEAR but stock>=80%. Check trend context or policy override.,0.8,0.6957,BEAR,2022-10-10,WATCH,scheduled
highvol_high_stock,WARNING,prob_high_vol>0.60 but stock>=80%.,0.8,0.6957,BEAR,2022-10-10,WATCH,scheduled
midtrend_bear_high_stock,WARNING,mid_trend=BEAR but stock>=80%. Check trend context or policy override.,0.8,0.6562,BEAR,2022-10-24,WATCH,scheduled
highvol_high_stock,WARNING,prob_high_vol>0.60 but stock>=80%.,0.8,0.6562,BEAR,2022-10-24,WATCH,scheduled
midtrend_bear_high_stock,WARNING,mid_trend=BEAR but stock>=80%. Check trend context or policy override.,0.8,0.6645,BEAR,2022-10-25,CUSTOM,not_rebalance_day
highvol_high_stock,WARNING,prob_high_vol>0.60 but stock>=80%.,0.8,0.6645,BEAR,2022-10-25,CUSTOM,not_rebalance_day
midtrend_bear_high_stock,WARNING,mid_trend=BEAR but stock>=80%. Check trend context or policy override.,0.8,0.6732,BEAR,2022-10-26,CUSTOM,not_rebalance_day
highvol_high_stock,WARNING,prob_high_vol>0.60 but stock>=80%.,0.8,0.6732,BEAR,2022-10-26,CUSTOM,not_rebalance_day
midtrend_bear_high_stock,WARNING,mid_trend=BEAR but stock>=80%. Check trend context or policy override.,0.8,0.6783,BEAR,2022-10-27,CUSTOM,not_rebalance_day
highvol_high_stock,WARNING,prob_high_vol>0.60 but stock>=80%.,0.8,0.6783,BEAR,2022-10-27,CUSTOM,not_rebalance_day
midtrend_bear_high_stock,WARNING,mid_trend=BEAR but stock>=80%. Check trend context or policy override.,0.8,0.6777,BEAR,2022-10-28,CUSTOM,not_rebalance_day
highvol_high_stock,WARNING,prob_high_vol>0.60 but stock>=80%.,0.8,0.6777,BEAR,2022-10-28,CUSTOM,not_rebalance_day
midtrend_bear_high_stock,WARNING,mid_trend=BEAR but stock>=80%. Check trend context or policy override.,0.8,0.6846,BEAR,2022-10-31,CUSTOM,no_trade_band
highvol_high_stock,WARNING,prob_high_vol>0.60 but stock>=80%.,0.8,0.6846,BEAR,2022-10-31,CUSTOM,no_trade_band
midtrend_bear_high_stock,WARNING,mid_trend=BEAR but stock>=80%. Check trend context or policy override.,0.8,0.6974,BEAR,2022-11-01,CUSTOM,not_rebalance_day
highvol_high_stock,WARNING,prob_high_vol>0.60 but stock>=80%.,0.8,0.6974,BEAR,2022-11-01,CUSTOM,not_rebalance_day
midtrend_bear_high_stock,WARNING,mid_trend=BEAR but stock>=80%. Check trend context or policy override.,0.8,0.7159,BEAR,2022-11-02,WATCH,no_trade_override_prob_high_vol_cross_0.70
highvol_high_stock,WARNING,prob_high_vol>0.60 but stock>=80%.,0.8,0.7159,BEAR,2022-11-02,WATCH,no_trade_override_prob_high_vol_cross_0.70
midtrend_bear_high_stock,WARNING,mid_trend=BEAR but stock>=80%. Check trend context or policy override.,0.8,0.7301,BEAR,2022-11-03,CUSTOM,not_rebalance_day
highvol_high_stock,WARNING,prob_high_vol>0.60 but stock>=80%.,0.8,0.7301,BEAR,2022-11-03,CUSTOM,not_rebalance_day
midtrend_bear_high_stock,WARNING,mid_trend=BEAR but stock>=80%. Check trend context or policy override.,0.8,0.7298,BEAR,2022-11-04,CUSTOM,not_rebalance_day
highvol_high_stock,WARNING,prob_high_vol>0.60 but stock>=80%.,0.8,0.7298,BEAR,2022-11-04,CUSTOM,not_rebalance_day
midtrend_bear_high_stock,WARNING,mid_trend=BEAR but stock>=80%. Check trend context or policy override.,0.8,0.711,BEAR,2022-11-07,CUSTOM,no_trade_band
highvol_high_stock,WARNING,prob_high_vol>0.60 but stock>=80%.,0.8,0.711,BEAR,2022-11-07,CUSTOM,no_trade_band
midtrend_bear_high_stock,WARNING,mid_trend=BEAR but stock>=80%. Check trend context or policy override.,0.8,0.7003,BEAR,2022-11-08,CUSTOM,not_rebalance_day
highvol_high_stock,WARNING,prob_high_vol>0.60 but stock>=80%.,0.8,0.7003,BEAR,2022-11-08,CUSTOM,not_rebalance_day
midtrend_bear_high_stock,WARNING,mid_trend=BEAR but stock>=80%. Check trend context or policy override.,0.8,0.7077,BEAR,2022-11-09,CUSTOM,not_rebalance_day
highvol_high_stock,WARNING,prob_high_vol>0.60 but stock>=80%.,0.8,0.7077,BEAR,2022-11-09,CUSTOM,not_rebalance_day
midtrend_bear_high_stock,WARNING,mid_trend=BEAR but stock>=80%. Check trend context or policy override.,0.8,0.7017,BEAR,2022-11-10,CUSTOM,not_rebalance_day
highvol_high_stock,WARNING,prob_high_vol>0.60 but stock>=80%.,0.8,0.7017,BEAR,2022-11-10,CUSTOM,not_rebalance_day
midtrend_bear_high_stock,WARNING,mid_trend=BEAR but stock>=80%. Check trend context or policy override.,0.8,0.6809,BEAR,2022-11-11,CUSTOM,not_rebalance_day
highvol_high_stock,WARNING,prob_high_vol>0.60 but stock>=80%.,0.8,0.6809,BEAR,2022-11-11,CUSTOM,not_rebalance_day
highvol_high_stock,WARNING,prob_high_vol>0.60 but stock>=80%.,0.8,0.667,BULL,2022-11-14,CUSTOM,no_trade_band
highvol_high_stock,WARNING,prob_high_vol>0.60 but stock>=80%.,0.8,0.6373,NEUTRAL,2022-11-15,CUSTOM,not_rebalance_day
highvol_high_stock,WARNING,prob_high_vol>0.60 but stock>=80%.,0.8,0.6324,NEUTRAL,2022-11-16,CUSTOM,not_rebalance_day
highvol_high_stock,WARNING,prob_high_vol>0.60 but stock>=80%.,0.8,0.6303,BULL,2022-11-17,CUSTOM,not_rebalance_day
highvol_high_stock,WARNING,prob_high_vol>0.60 but stock>=80%.,0.8,0.6283,BULL,2022-11-18,CUSTOM,not_rebalance_day
midtrend_bear_high_stock,WARNING,mid_trend=BEAR but stock>=80%. Check trend context or policy override.,0.96,0.3746,BEAR,2023-10-17,NORMAL,strong_offensive_override
midtrend_bear_high_stock,WARNING,mid_trend=BEAR but stock>=80%. Check trend context or policy override.,0.96,0.42,BEAR,2023-10-18,NORMAL,strong_offensive_override
midtrend_bear_high_stock,WARNING,mid_trend=BEAR but stock>=80%. Check trend context or policy override.,0.96,0.4504,BEAR,2023-10-19,NORMAL,strong_offensive_override
midtrend_bear_high_stock,WARNING,mid_trend=BEAR but stock>=80%. Check trend context or policy override.,0.96,0.4817,BEAR,2023-10-20,NORMAL,strong_offensive_override
midtrend_bear_high_stock,WARNING,mid_trend=BEAR but stock>=80%. Check trend context or policy override.,0.96,0.4921,BEAR,2023-10-23,NORMAL,strong_offensive_override
midtrend_bear_high_stock,WARNING,mid_trend=BEAR but stock>=80%. Check trend context or policy override.,0.96,0.4987,BEAR,2023-10-24,NORMAL,strong_offensive_override
midtrend_bear_high_stock,WARNING,mid_trend=BEAR but stock>=80%. Check trend context or policy override.,0.96,0.5151,BEAR,2023-10-25,NORMAL,strong_offensive_override
midtrend_bear_high_stock,WARNING,mid_trend=BEAR but stock>=80%. Check trend context or policy override.,0.96,0.5216,BEAR,2023-10-26,NORMAL,strong_offensive_override
midtrend_bear_high_stock,WARNING,mid_trend=BEAR but stock>=80%. Check trend context or policy override.,0.96,0.5332,BEAR,2023-10-27,NORMAL,strong_offensive_override
midtrend_bear_high_stock,WARNING,mid_trend=BEAR but stock>=80%. Check trend context or policy override.,0.96,0.5387,BEAR,2023-10-30,NORMAL,strong_offensive_override
midtrend_bear_high_stock,WARNING,mid_trend=BEAR but stock>=80%. Check trend context or policy override.,1.0,0.5469,BEAR,2023-10-31,NORMAL,strong_offensive_override
midtrend_bear_high_stock,WARNING,mid_trend=BEAR but stock>=80%. Check trend context or policy override.,1.0,0.5574,BEAR,2023-11-01,WATCH,strong_offensive_override
highvol_high_stock,WARNING,prob_high_vol>0.60 but stock>=80%.,0.82,0.6883,BULL,2024-08-09,WATCH,scheduled
highvol_high_stock,WARNING,prob_high_vol>0.60 but stock>=80%.,0.82,0.6954,BULL,2024-08-12,CUSTOM,not_rebalance_day
highvol_high_stock,WARNING,prob_high_vol>0.60 but stock>=80%.,0.82,0.6842,BULL,2024-08-13,CUSTOM,not_rebalance_day
highvol_high_stock,WARNING,prob_high_vol>0.60 but stock>=80%.,0.82,0.6816,BULL,2024-08-14,CUSTOM,not_rebalance_day
highvol_high_stock,WARNING,prob_high_vol>0.60 but stock>=80%.,0.96,0.6706,BULL,2024-08-15,WATCH,strong_offensive_override
highvol_high_stock,WARNING,prob_high_vol>0.60 but stock>=80%.,0.96,0.6609,BULL,2024-08-16,WATCH,strong_offensive_override
highvol_high_stock,WARNING,prob_high_vol>0.60 but stock>=80%.,0.96,0.6566,BULL,2024-08-19,CUSTOM,not_rebalance_day
highvol_high_stock,WARNING,prob_high_vol>0.60 but stock>=80%.,0.96,0.6548,BULL,2024-08-20,CUSTOM,not_rebalance_day
highvol_high_stock,WARNING,prob_high_vol>0.60 but stock>=80%.,0.96,0.6717,BULL,2024-08-21,CUSTOM,not_rebalance_day
highvol_high_stock,WARNING,prob_high_vol>0.60 but stock>=80%.,0.96,0.6844,BULL,2024-08-22,CUSTOM,not_rebalance_day
highvol_high_stock,WARNING,prob_high_vol>0.60 but stock>=80%.,0.8,0.6954,BULL,2024-08-23,WATCH,scheduled
highvol_high_stock,WARNING,prob_high_vol>0.60 but stock>=80%.,0.8,0.7095,BULL,2024-08-26,WATCH,no_trade_override_prob_high_vol_cross_0.70
highvol_high_stock,WARNING,prob_high_vol>0.60 but stock>=80%.,0.8,0.723,BULL,2024-08-27,CUSTOM,not_rebalance_day
highvol_high_stock,WARNING,prob_high_vol>0.60 but stock>=80%.,0.8,0.7337,BULL,2024-08-28,CUSTOM,not_rebalance_day
highvol_high_stock,WARNING,prob_high_vol>0.60 but stock>=80%.,0.8,0.7405,NEUTRAL,2024-08-29,CUSTOM,not_rebalance_day
midtrend_bear_high_stock,WARNING,mid_trend=BEAR but stock>=80%. Check trend context or policy override.,0.8,0.7493,BEAR,2024-08-30,CUSTOM,no_trade_band
highvol_high_stock,WARNING,prob_high_vol>0.60 but stock>=80%.,0.8,0.7493,BEAR,2024-08-30,CUSTOM,no_trade_band
midtrend_bear_high_stock,WARNING,mid_trend=BEAR but stock>=80%. Check trend context or policy override.,0.8,0.7646,BEAR,2024-09-03,CUSTOM,not_rebalance_day
highvol_high_stock,WARNING,prob_high_vol>0.60 but stock>=80%.,0.8,0.7646,BEAR,2024-09-03,CUSTOM,not_rebalance_day
midtrend_bear_high_stock,WARNING,mid_trend=BEAR but stock>=80%. Check trend context or policy override.,0.8,0.7792,BEAR,2024-09-04,CUSTOM,not_rebalance_day
highvol_high_stock,WARNING,prob_high_vol>0.60 but stock>=80%.,0.8,0.7792,BEAR,2024-09-04,CUSTOM,not_rebalance_day
midtrend_bear_high_stock,WARNING,mid_trend=BEAR but stock>=80%. Check trend context or policy override.,0.8,0.7873,BEAR,2024-09-05,CUSTOM,no_trade_band
highvol_high_stock,WARNING,prob_high_vol>0.60 but stock>=80%.,0.8,0.7873,BEAR,2024-09-05,CUSTOM,no_trade_band
midtrend_bear_high_stock,WARNING,mid_trend=BEAR but stock>=80%. Check trend context or policy override.,0.8,0.7945,BEAR,2024-09-06,CUSTOM,not_rebalance_day
highvol_high_stock,WARNING,prob_high_vol>0.60 but stock>=80%.,0.8,0.7945,BEAR,2024-09-06,CUSTOM,not_rebalance_day
midtrend_bear_high_stock,WARNING,mid_trend=BEAR but stock>=80%. Check trend context or policy override.,0.8,0.796,BEAR,2024-09-09,CUSTOM,no_trade_band
highvol_high_stock,WARNING,prob_high_vol>0.60 but stock>=80%.,0.8,0.796,BEAR,2024-09-09,CUSTOM,no_trade_band
midtrend_bear_high_stock,WARNING,mid_trend=BEAR but stock>=80%. Check trend context or policy override.,0.8,0.7987,BEAR,2024-09-10,CUSTOM,not_rebalance_day
highvol_high_stock,WARNING,prob_high_vol>0.60 but stock>=80%.,0.8,0.7987,BEAR,2024-09-10,CUSTOM,not_rebalance_day
midtrend_bear_high_stock,WARNING,mid_trend=BEAR but stock>=80%. Check trend context or policy override.,0.8,0.7904,BEAR,2024-09-11,CUSTOM,not_rebalance_day
highvol_high_stock,WARNING,prob_high_vol>0.60 but stock>=80%.,0.8,0.7904,BEAR,2024-09-11,CUSTOM,not_rebalance_day
highvol_high_stock,WARNING,prob_high_vol>0.60 but stock>=80%.,0.8,0.7777,NEUTRAL,2024-09-12,CUSTOM,not_rebalance_day
highvol_high_stock,WARNING,prob_high_vol>0.60 but stock>=80%.,0.8,0.7673,NEUTRAL,2024-09-13,CUSTOM,not_rebalance_day
midtrend_bear_high_stock,WARNING,mid_trend=BEAR but stock>=80%. Check trend context or policy override.,0.8,0.7679,BEAR,2024-09-16,CUSTOM,no_trade_band
highvol_high_stock,WARNING,prob_high_vol>0.60 but stock>=80%.,0.8,0.7679,BEAR,2024-09-16,CUSTOM,no_trade_band
midtrend_bear_high_stock,WARNING,mid_trend=BEAR but stock>=80%. Check trend context or policy override.,0.8,0.7714,BEAR,2024-09-17,CUSTOM,not_rebalance_day
highvol_high_stock,WARNING,prob_high_vol>0.60 but stock>=80%.,0.8,0.7714,BEAR,2024-09-17,CUSTOM,not_rebalance_day
midtrend_bear_high_stock,WARNING,mid_trend=BEAR but stock>=80%. Check trend context or policy override.,0.8,0.777,BEAR,2024-09-18,CUSTOM,not_rebalance_day
highvol_high_stock,WARNING,prob_high_vol>0.60 but stock>=80%.,0.8,0.777,BEAR,2024-09-18,CUSTOM,not_rebalance_day
midtrend_bear_high_stock,WARNING,mid_trend=BEAR but stock>=80%. Check trend context or policy override.,0.8,0.7801,BEAR,2024-09-19,CUSTOM,no_trade_band
highvol_high_stock,WARNING,prob_high_vol>0.60 but stock>=80%.,0.8,0.7801,BEAR,2024-09-19,CUSTOM,no_trade_band
midtrend_bear_high_stock,WARNING,mid_trend=BEAR but stock>=80%. Check trend context or policy override.,0.8,0.7788,BEAR,2024-09-20,CUSTOM,not_rebalance_day
highvol_high_stock,WARNING,prob_high_vol>0.60 but stock>=80%.,0.8,0.7788,BEAR,2024-09-20,CUSTOM,not_rebalance_day
midtrend_bear_high_stock,WARNING,mid_trend=BEAR but stock>=80%. Check trend context or policy override.,0.8,0.763,BEAR,2024-09-23,CUSTOM,no_trade_band
highvol_high_stock,WARNING,prob_high_vol>0.60 but stock>=80%.,0.8,0.763,BEAR,2024-09-23,CUSTOM,no_trade_band
highvol_high_stock,WARNING,prob_high_vol>0.60 but stock>=80%.,0.8,0.7559,NEUTRAL,2024-09-24,CUSTOM,not_rebalance_day
highvol_high_stock,WARNING,prob_high_vol>0.60 but stock>=80%.,0.8,0.75,NEUTRAL,2024-09-25,CUSTOM,not_rebalance_day
highvol_high_stock,WARNING,prob_high_vol>0.60 but stock>=80%.,0.8,0.7437,BULL,2024-09-26,CUSTOM,not_rebalance_day
highvol_high_stock,WARNING,prob_high_vol>0.60 but stock>=80%.,0.8,0.7407,NEUTRAL,2024-09-27,CUSTOM,not_rebalance_day
highvol_high_stock,WARNING,prob_high_vol>0.60 but stock>=80%.,0.8,0.7378,NEUTRAL,2024-09-30,CUSTOM,no_trade_band
midtrend_bear_high_stock,WARNING,mid_trend=BEAR but stock>=80%. Check trend context or policy override.,0.8,0.7162,BEAR,2024-10-01,CUSTOM,not_rebalance_day
highvol_high_stock,WARNING,prob_high_vol>0.60 but stock>=80%.,0.8,0.7162,BEAR,2024-10-01,CUSTOM,not_rebalance_day
highvol_high_stock,WARNING,prob_high_vol>0.60 but stock>=80%.,0.96,0.677,NEUTRAL,2024-10-02,WATCH,strong_offensive_override
highvol_high_stock,WARNING,prob_high_vol>0.60 but stock>=80%.,0.96,0.6484,BULL,2024-10-03,WATCH,strong_offensive_override
highvol_high_stock,WARNING,prob_high_vol>0.60 but stock>=80%.,0.96,0.6141,BULL,2024-10-04,WATCH,strong_offensive_override
midtrend_bear_high_stock,WARNING,mid_trend=BEAR but stock>=80%. Check trend context or policy override.,1.0,0.4415,BEAR,2025-01-10,NORMAL,strong_offensive_override
midtrend_bear_high_stock,WARNING,mid_trend=BEAR but stock>=80%. Check trend context or policy override.,1.0,0.4657,BEAR,2025-01-14,NORMAL,strong_offensive_override
midtrend_bear_high_stock,WARNING,mid_trend=BEAR but stock>=80%. Check trend context or policy override.,1.0,0.47,BEAR,2025-01-15,NORMAL,strong_offensive_override
midtrend_bear_high_stock,WARNING,mid_trend=BEAR but stock>=80%. Check trend context or policy override.,1.0,0.4712,BEAR,2025-01-16,NORMAL,strong_offensive_override
midtrend_bear_high_stock,WARNING,mid_trend=BEAR but stock>=80%. Check trend context or policy override.,1.0,0.4676,BEAR,2025-01-17,NORMAL,strong_offensive_override
midtrend_bear_high_stock,WARNING,mid_trend=BEAR but stock>=80%. Check trend context or policy override.,1.0,0.4636,BEAR,2025-01-27,NORMAL,strong_offensive_override
midtrend_bear_high_stock,WARNING,mid_trend=BEAR but stock>=80%. Check trend context or policy override.,1.0,0.4882,BEAR,2025-01-28,NORMAL,strong_offensive_override
midtrend_bear_high_stock,WARNING,mid_trend=BEAR but stock>=80%. Check trend context or policy override.,1.0,0.525,BEAR,2025-01-29,NORMAL,strong_offensive_override
midtrend_bear_high_stock,WARNING,mid_trend=BEAR but stock>=80%. Check trend context or policy override.,1.0,0.5508,BEAR,2025-01-30,WATCH,strong_offensive_override
midtrend_bear_high_stock,WARNING,mid_trend=BEAR but stock>=80%. Check trend context or policy override.,0.96,0.5907,BEAR,2025-01-31,WATCH,strong_offensive_override
midtrend_bear_high_stock,WARNING,mid_trend=BEAR but stock>=80%. Check trend context or policy override.,0.96,0.6267,BEAR,2025-02-03,WATCH,strong_offensive_override
highvol_high_stock,WARNING,prob_high_vol>0.60 but stock>=80%.,0.96,0.6267,BEAR,2025-02-03,WATCH,strong_offensive_override
midtrend_bear_high_stock,WARNING,mid_trend=BEAR but stock>=80%. Check trend context or policy override.,0.96,0.652,BEAR,2025-02-04,WATCH,strong_offensive_override
highvol_high_stock,WARNING,prob_high_vol>0.60 but stock>=80%.,0.96,0.652,BEAR,2025-02-04,WATCH,strong_offensive_override
midtrend_bear_high_stock,WARNING,mid_trend=BEAR but stock>=80%. Check trend context or policy override.,0.96,0.6647,BEAR,2025-02-05,WATCH,strong_offensive_override
highvol_high_stock,WARNING,prob_high_vol>0.60 but stock>=80%.,0.96,0.6647,BEAR,2025-02-05,WATCH,strong_offensive_override
midtrend_bear_high_stock,WARNING,mid_trend=BEAR but stock>=80%. Check trend context or policy override.,0.96,0.6431,BEAR,2025-02-06,WATCH,strong_offensive_override
highvol_high_stock,WARNING,prob_high_vol>0.60 but stock>=80%.,0.96,0.6431,BEAR,2025-02-06,WATCH,strong_offensive_override
midtrend_bear_high_stock,WARNING,mid_trend=BEAR but stock>=80%. Check trend context or policy override.,0.96,0.6272,BEAR,2025-02-07,WATCH,strong_offensive_override
highvol_high_stock,WARNING,prob_high_vol>0.60 but stock>=80%.,0.96,0.6272,BEAR,2025-02-07,WATCH,strong_offensive_override
midtrend_bear_high_stock,WARNING,mid_trend=BEAR but stock>=80%. Check trend context or policy override.,0.96,0.6105,BEAR,2025-02-10,WATCH,strong_offensive_override
highvol_high_stock,WARNING,prob_high_vol>0.60 but stock>=80%.,0.96,0.6105,BEAR,2025-02-10,WATCH,strong_offensive_override
midtrend_bear_high_stock,WARNING,mid_trend=BEAR but stock>=80%. Check trend context or policy override.,0.96,0.6011,BEAR,2025-02-11,WATCH,strong_offensive_override
highvol_high_stock,WARNING,prob_high_vol>0.60 but stock>=80%.,0.96,0.6011,BEAR,2025-02-11,WATCH,strong_offensive_override
midtrend_bear_high_stock,WARNING,mid_trend=BEAR but stock>=80%. Check trend context or policy override.,0.96,0.5959,BEAR,2025-02-12,WATCH,strong_offensive_override
midtrend_bear_high_stock,WARNING,mid_trend=BEAR but stock>=80%. Check trend context or policy override.,0.96,0.586,BEAR,2025-02-13,WATCH,strong_offensive_override
midtrend_bear_high_stock,WARNING,mid_trend=BEAR but stock>=80%. Check trend context or policy override.,1.0,0.5755,BEAR,2025-02-21,WATCH,strong_offensive_override
midtrend_bear_high_stock,WARNING,mid_trend=BEAR but stock>=80%. Check trend context or policy override.,0.96,0.5915,BEAR,2025-02-24,WATCH,strong_offensive_override
midtrend_bear_high_stock,WARNING,mid_trend=BEAR but stock>=80%. Check trend context or policy override.,0.96,0.588,BEAR,2025-02-25,WATCH,strong_offensive_override
midtrend_bear_high_stock,WARNING,mid_trend=BEAR but stock>=80%. Check trend context or policy override.,1.0,0.5626,BEAR,2025-02-26,WATCH,strong_offensive_override
midtrend_bear_high_stock,WARNING,mid_trend=BEAR but stock>=80%. Check trend context or policy override.,0.96,0.6065,BEAR,2025-02-27,WATCH,strong_offensive_override
highvol_high_stock,WARNING,prob_high_vol>0.60 but stock>=80%.,0.96,0.6065,BEAR,2025-02-27,WATCH,strong_offensive_override
midtrend_bear_high_stock,WARNING,mid_trend=BEAR but stock>=80%. Check trend context or policy override.,0.96,0.6254,BEAR,2025-02-28,WATCH,strong_offensive_override
highvol_high_stock,WARNING,prob_high_vol>0.60 but stock>=80%.,0.96,0.6254,BEAR,2025-02-28,WATCH,strong_offensive_override
midtrend_bear_high_stock,WARNING,mid_trend=BEAR but stock>=80%. Check trend context or policy override.,0.96,0.6342,BEAR,2025-03-03,WATCH,strong_offensive_override
highvol_high_stock,WARNING,prob_high_vol>0.60 but stock>=80%.,0.96,0.6342,BEAR,2025-03-03,WATCH,strong_offensive_override
midtrend_bear_high_stock,WARNING,mid_trend=BEAR but stock>=80%. Check trend context or policy override.,0.96,0.6465,BEAR,2025-03-04,WATCH,strong_offensive_override
highvol_high_stock,WARNING,prob_high_vol>0.60 but stock>=80%.,0.96,0.6465,BEAR,2025-03-04,WATCH,strong_offensive_override
midtrend_bear_high_stock,WARNING,mid_trend=BEAR but stock>=80%. Check trend context or policy override.,0.96,0.6474,BEAR,2025-03-05,WATCH,strong_offensive_override
highvol_high_stock,WARNING,prob_high_vol>0.60 but stock>=80%.,0.96,0.6474,BEAR,2025-03-05,WATCH,strong_offensive_override
midtrend_bear_high_stock,WARNING,mid_trend=BEAR but stock>=80%. Check trend context or policy override.,0.96,0.6567,BEAR,2025-03-06,WATCH,strong_offensive_override
highvol_high_stock,WARNING,prob_high_vol>0.60 but stock>=80%.,0.96,0.6567,BEAR,2025-03-06,WATCH,strong_offensive_override
midtrend_bear_high_stock,WARNING,mid_trend=BEAR but stock>=80%. Check trend context or policy override.,0.96,0.676,BEAR,2025-03-07,WATCH,strong_offensive_override
highvol_high_stock,WARNING,prob_high_vol>0.60 but stock>=80%.,0.96,0.676,BEAR,2025-03-07,WATCH,strong_offensive_override
midtrend_bear_high_stock,WARNING,mid_trend=BEAR but stock>=80%. Check trend context or policy override.,0.96,0.6859,BEAR,2025-03-10,CUSTOM,not_rebalance_day
highvol_high_stock,WARNING,prob_high_vol>0.60 but stock>=80%.,0.96,0.6859,BEAR,2025-03-10,CUSTOM,not_rebalance_day
midtrend_bear_high_stock,WARNING,mid_trend=BEAR but stock>=80%. Check trend context or policy override.,0.8,0.7021,BEAR,2025-03-11,WATCH,scheduled
highvol_high_stock,WARNING,prob_high_vol>0.60 but stock>=80%.,0.8,0.7021,BEAR,2025-03-11,WATCH,scheduled
midtrend_bear_high_stock,WARNING,mid_trend=BEAR but stock>=80%. Check trend context or policy override.,0.8,0.7167,BEAR,2025-03-12,CUSTOM,not_rebalance_day
highvol_high_stock,WARNING,prob_high_vol>0.60 but stock>=80%.,0.8,0.7167,BEAR,2025-03-12,CUSTOM,not_rebalance_day
midtrend_bear_high_stock,WARNING,mid_trend=BEAR but stock>=80%. Check trend context or policy override.,0.8,0.7266,BEAR,2025-03-13,CUSTOM,not_rebalance_day
highvol_high_stock,WARNING,prob_high_vol>0.60 but stock>=80%.,0.8,0.7266,BEAR,2025-03-13,CUSTOM,not_rebalance_day
midtrend_bear_high_stock,WARNING,mid_trend=BEAR but stock>=80%. Check trend context or policy override.,0.8,0.7203,BEAR,2025-03-14,CUSTOM,not_rebalance_day
highvol_high_stock,WARNING,prob_high_vol>0.60 but stock>=80%.,0.8,0.7203,BEAR,2025-03-14,CUSTOM,not_rebalance_day
midtrend_bear_high_stock,WARNING,mid_trend=BEAR but stock>=80%. Check trend context or policy override.,0.8,0.7206,BEAR,2025-03-17,CUSTOM,not_rebalance_day
highvol_high_stock,WARNING,prob_high_vol>0.60 but stock>=80%.,0.8,0.7206,BEAR,2025-03-17,CUSTOM,not_rebalance_day
midtrend_bear_high_stock,WARNING,mid_trend=BEAR but stock>=80%. Check trend context or policy override.,0.8,0.735,BEAR,2025-03-18,CUSTOM,no_trade_band
highvol_high_stock,WARNING,prob_high_vol>0.60 but stock>=80%.,0.8,0.735,BEAR,2025-03-18,CUSTOM,no_trade_band
midtrend_bear_high_stock,WARNING,mid_trend=BEAR but stock>=80%. Check trend context or policy override.,0.8,0.7383,BEAR,2025-03-19,CUSTOM,not_rebalance_day
highvol_high_stock,WARNING,prob_high_vol>0.60 but stock>=80%.,0.8,0.7383,BEAR,2025-03-19,CUSTOM,not_rebalance_day
midtrend_bear_high_stock,WARNING,mid_trend=BEAR but stock>=80%. Check trend context or policy override.,0.8,0.7367,BEAR,2025-03-20,CUSTOM,not_rebalance_day
highvol_high_stock,WARNING,prob_high_vol>0.60 but stock>=80%.,0.8,0.7367,BEAR,2025-03-20,CUSTOM,not_rebalance_day
midtrend_bear_high_stock,WARNING,mid_trend=BEAR but stock>=80%. Check trend context or policy override.,0.8,0.738,BEAR,2025-03-21,CUSTOM,not_rebalance_day
highvol_high_stock,WARNING,prob_high_vol>0.60 but stock>=80%.,0.8,0.738,BEAR,2025-03-21,CUSTOM,not_rebalance_day
midtrend_bear_high_stock,WARNING,mid_trend=BEAR but stock>=80%. Check trend context or policy override.,0.8,0.7194,BEAR,2025-03-24,CUSTOM,not_rebalance_day
highvol_high_stock,WARNING,prob_high_vol>0.60 but stock>=80%.,0.8,0.7194,BEAR,2025-03-24,CUSTOM,not_rebalance_day
midtrend_bear_high_stock,WARNING,mid_trend=BEAR but stock>=80%. Check trend context or policy override.,0.8,0.6967,BEAR,2025-03-25,CUSTOM,no_trade_band
highvol_high_stock,WARNING,prob_high_vol>0.60 but stock>=80%.,0.8,0.6967,BEAR,2025-03-25,CUSTOM,no_trade_band
midtrend_bear_high_stock,WARNING,mid_trend=BEAR but stock>=80%. Check trend context or policy override.,0.8,0.699,BEAR,2025-03-26,CUSTOM,not_rebalance_day
highvol_high_stock,WARNING,prob_high_vol>0.60 but stock>=80%.,0.8,0.699,BEAR,2025-03-26,CUSTOM,not_rebalance_day
midtrend_bear_high_stock,WARNING,mid_trend=BEAR but stock>=80%. Check trend context or policy override.,0.8,0.6801,BEAR,2025-03-27,CUSTOM,not_rebalance_day
highvol_high_stock,WARNING,prob_high_vol>0.60 but stock>=80%.,0.8,0.6801,BEAR,2025-03-27,CUSTOM,not_rebalance_day
midtrend_bear_high_stock,WARNING,mid_trend=BEAR but stock>=80%. Check trend context or policy override.,0.96,0.6716,BEAR,2025-03-28,WATCH,strong_offensive_override
highvol_high_stock,WARNING,prob_high_vol>0.60 but stock>=80%.,0.96,0.6716,BEAR,2025-03-28,WATCH,strong_offensive_override
midtrend_bear_high_stock,WARNING,mid_trend=BEAR but stock>=80%. Check trend context or policy override.,0.96,0.6752,BEAR,2025-03-31,WATCH,strong_offensive_override
highvol_high_stock,WARNING,prob_high_vol>0.60 but stock>=80%.,0.96,0.6752,BEAR,2025-03-31,WATCH,strong_offensive_override
midtrend_bear_high_stock,WARNING,mid_trend=BEAR but stock>=80%. Check trend context or policy override.,0.8,0.6847,BEAR,2025-04-01,WATCH,scheduled
highvol_high_stock,WARNING,prob_high_vol>0.60 but stock>=80%.,0.8,0.6847,BEAR,2025-04-01,WATCH,scheduled
midtrend_bear_high_stock,WARNING,mid_trend=BEAR but stock>=80%. Check trend context or policy override.,0.8,0.6867,BEAR,2025-04-02,CUSTOM,not_rebalance_day
highvol_high_stock,WARNING,prob_high_vol>0.60 but stock>=80%.,0.8,0.6867,BEAR,2025-04-02,CUSTOM,not_rebalance_day
midtrend_bear_high_stock,WARNING,mid_trend=BEAR but stock>=80%. Check trend context or policy override.,0.96,0.6779,BEAR,2025-04-03,WATCH,strong_offensive_override
highvol_high_stock,WARNING,prob_high_vol>0.60 but stock>=80%.,0.96,0.6779,BEAR,2025-04-03,WATCH,strong_offensive_override
midtrend_bear_high_stock,WARNING,mid_trend=BEAR but stock>=80%. Check trend context or policy override.,0.96,0.6373,BEAR,2025-04-04,WATCH,strong_offensive_override
highvol_high_stock,WARNING,prob_high_vol>0.60 but stock>=80%.,0.96,0.6373,BEAR,2025-04-04,WATCH,strong_offensive_override
midtrend_bear_high_stock,WARNING,mid_trend=BEAR but stock>=80%. Check trend context or policy override.,0.96,0.6663,BEAR,2025-04-07,WATCH,strong_offensive_override
highvol_high_stock,WARNING,prob_high_vol>0.60 but stock>=80%.,0.96,0.6663,BEAR,2025-04-07,WATCH,strong_offensive_override
midtrend_bear_high_stock,WARNING,mid_trend=BEAR but stock>=80%. Check trend context or policy override.,0.96,0.6776,BEAR,2025-04-08,WATCH,strong_offensive_override
highvol_high_stock,WARNING,prob_high_vol>0.60 but stock>=80%.,0.96,0.6776,BEAR,2025-04-08,WATCH,strong_offensive_override
midtrend_bear_high_stock,WARNING,mid_trend=BEAR but stock>=80%. Check trend context or policy override.,0.96,0.6806,BEAR,2025-04-09,CUSTOM,not_rebalance_day
highvol_high_stock,WARNING,prob_high_vol>0.60 but stock>=80%.,0.96,0.6806,BEAR,2025-04-09,CUSTOM,not_rebalance_day
midtrend_bear_high_stock,WARNING,mid_trend=BEAR but stock>=80%. Check trend context or policy override.,0.96,0.6808,BEAR,2025-04-10,CUSTOM,not_rebalance_day
highvol_high_stock,WARNING,prob_high_vol>0.60 but stock>=80%.,0.96,0.6808,BEAR,2025-04-10,CUSTOM,not_rebalance_day
midtrend_bear_high_stock,WARNING,mid_trend=BEAR but stock>=80%. Check trend context or policy override.,0.96,0.6812,BEAR,2025-04-11,CUSTOM,not_rebalance_day
highvol_high_stock,WARNING,prob_high_vol>0.60 but stock>=80%.,0.96,0.6812,BEAR,2025-04-11,CUSTOM,not_rebalance_day
midtrend_bear_high_stock,WARNING,mid_trend=BEAR but stock>=80%. Check trend context or policy override.,0.96,0.6806,BEAR,2025-04-14,CUSTOM,not_rebalance_day
highvol_high_stock,WARNING,prob_high_vol>0.60 but stock>=80%.,0.96,0.6806,BEAR,2025-04-14,CUSTOM,not_rebalance_day
midtrend_bear_high_stock,WARNING,mid_trend=BEAR but stock>=80%. Check trend context or policy override.,0.8,0.6984,BEAR,2025-04-15,WATCH,scheduled
highvol_high_stock,WARNING,prob_high_vol>0.60 but stock>=80%.,0.8,0.6984,BEAR,2025-04-15,WATCH,scheduled
midtrend_bear_high_stock,WARNING,mid_trend=BEAR but stock>=80%. Check trend context or policy override.,0.8,0.714,BEAR,2025-04-16,WATCH,no_trade_override_prob_high_vol_cross_0.70
highvol_high_stock,WARNING,prob_high_vol>0.60 but stock>=80%.,0.8,0.714,BEAR,2025-04-16,WATCH,no_trade_override_prob_high_vol_cross_0.70
midtrend_bear_high_stock,WARNING,mid_trend=BEAR but stock>=80%. Check trend context or policy override.,0.8,0.7179,BEAR,2025-04-17,CUSTOM,not_rebalance_day
highvol_high_stock,WARNING,prob_high_vol>0.60 but stock>=80%.,0.8,0.7179,BEAR,2025-04-17,CUSTOM,not_rebalance_day
midtrend_bear_high_stock,WARNING,mid_trend=BEAR but stock>=80%. Check trend context or policy override.,0.8,0.722,BEAR,2025-04-21,CUSTOM,not_rebalance_day
highvol_high_stock,WARNING,prob_high_vol>0.60 but stock>=80%.,0.8,0.722,BEAR,2025-04-21,CUSTOM,not_rebalance_day
midtrend_bear_high_stock,WARNING,mid_trend=BEAR but stock>=80%. Check trend context or policy override.,0.8,0.7257,BEAR,2025-04-22,CUSTOM,not_rebalance_day
highvol_high_stock,WARNING,prob_high_vol>0.60 but stock>=80%.,0.8,0.7257,BEAR,2025-04-22,CUSTOM,not_rebalance_day
midtrend_bear_high_stock,WARNING,mid_trend=BEAR but stock>=80%. Check trend context or policy override.,0.8,0.7335,BEAR,2025-04-23,CUSTOM,no_trade_band
highvol_high_stock,WARNING,prob_high_vol>0.60 but stock>=80%.,0.8,0.7335,BEAR,2025-04-23,CUSTOM,no_trade_band
midtrend_bear_high_stock,WARNING,mid_trend=BEAR but stock>=80%. Check trend context or policy override.,0.8,0.7329,BEAR,2025-04-24,CUSTOM,not_rebalance_day
highvol_high_stock,WARNING,prob_high_vol>0.60 but stock>=80%.,0.8,0.7329,BEAR,2025-04-24,CUSTOM,not_rebalance_day
midtrend_bear_high_stock,WARNING,mid_trend=BEAR but stock>=80%. Check trend context or policy override.,0.8,0.7209,BEAR,2025-04-25,CUSTOM,not_rebalance_day
highvol_high_stock,WARNING,prob_high_vol>0.60 but stock>=80%.,0.8,0.7209,BEAR,2025-04-25,CUSTOM,not_rebalance_day
midtrend_bear_high_stock,WARNING,mid_trend=BEAR but stock>=80%. Check trend context or policy override.,0.8,0.7159,BEAR,2025-04-28,CUSTOM,not_rebalance_day
highvol_high_stock,WARNING,prob_high_vol>0.60 but stock>=80%.,0.8,0.7159,BEAR,2025-04-28,CUSTOM,not_rebalance_day
midtrend_bear_high_stock,WARNING,mid_trend=BEAR but stock>=80%. Check trend context or policy override.,0.8,0.7356,BEAR,2025-04-29,CUSTOM,not_rebalance_day
highvol_high_stock,WARNING,prob_high_vol>0.60 but stock>=80%.,0.8,0.7356,BEAR,2025-04-29,CUSTOM,not_rebalance_day
midtrend_bear_high_stock,WARNING,mid_trend=BEAR but stock>=80%. Check trend context or policy override.,0.8,0.7502,BEAR,2025-04-30,CUSTOM,no_trade_band
highvol_high_stock,WARNING,prob_high_vol>0.60 but stock>=80%.,0.8,0.7502,BEAR,2025-04-30,CUSTOM,no_trade_band
midtrend_bear_high_stock,WARNING,mid_trend=BEAR but stock>=80%. Check trend context or policy override.,0.8,0.7498,BEAR,2025-05-01,CUSTOM,not_rebalance_day
highvol_high_stock,WARNING,prob_high_vol>0.60 but stock>=80%.,0.8,0.7498,BEAR,2025-05-01,CUSTOM,not_rebalance_day
midtrend_bear_high_stock,WARNING,mid_trend=BEAR but stock>=80%. Check trend context or policy override.,0.8,0.7531,BEAR,2025-05-02,CUSTOM,not_rebalance_day
highvol_high_stock,WARNING,prob_high_vol>0.60 but stock>=80%.,0.8,0.7531,BEAR,2025-05-02,CUSTOM,not_rebalance_day
midtrend_bear_high_stock,WARNING,mid_trend=BEAR but stock>=80%. Check trend context or policy override.,0.8,0.7597,BEAR,2025-05-05,CUSTOM,not_rebalance_day
highvol_high_stock,WARNING,prob_high_vol>0.60 but stock>=80%.,0.8,0.7597,BEAR,2025-05-05,CUSTOM,not_rebalance_day
midtrend_bear_high_stock,WARNING,mid_trend=BEAR but stock>=80%. Check trend context or policy override.,0.8,0.769,BEAR,2025-05-06,CUSTOM,not_rebalance_day
highvol_high_stock,WARNING,prob_high_vol>0.60 but stock>=80%.,0.8,0.769,BEAR,2025-05-06,CUSTOM,not_rebalance_day
midtrend_bear_high_stock,WARNING,mid_trend=BEAR but stock>=80%. Check trend context or policy override.,0.8,0.7717,BEAR,2025-05-07,CUSTOM,no_trade_band
highvol_high_stock,WARNING,prob_high_vol>0.60 but stock>=80%.,0.8,0.7717,BEAR,2025-05-07,CUSTOM,no_trade_band
midtrend_bear_high_stock,WARNING,mid_trend=BEAR but stock>=80%. Check trend context or policy override.,0.8,0.7347,BEAR,2025-05-08,CUSTOM,not_rebalance_day
highvol_high_stock,WARNING,prob_high_vol>0.60 but stock>=80%.,0.8,0.7347,BEAR,2025-05-08,CUSTOM,not_rebalance_day
midtrend_bear_high_stock,WARNING,mid_trend=BEAR but stock>=80%. Check trend context or policy override.,0.96,0.664,BEAR,2025-05-09,WATCH,strong_offensive_override
highvol_high_stock,WARNING,prob_high_vol>0.60 but stock>=80%.,0.96,0.664,BEAR,2025-05-09,WATCH,strong_offensive_override
midtrend_bear_high_stock,WARNING,mid_trend=BEAR but stock>=80%. Check trend context or policy override.,0.96,0.5988,BEAR,2025-05-12,WATCH,strong_offensive_override
midtrend_bear_high_stock,WARNING,mid_trend=BEAR but stock>=80%. Check trend context or policy override.,1.0,0.5387,BEAR,2025-05-13,NORMAL,strong_offensive_override
midtrend_bear_high_stock,WARNING,mid_trend=BEAR but stock>=80%. Check trend context or policy override.,0.96,0.4945,BEAR,2025-05-14,NORMAL,strong_offensive_override
midtrend_bear_high_stock,WARNING,mid_trend=BEAR but stock>=80%. Check trend context or policy override.,0.96,0.4518,BEAR,2025-05-15,NORMAL,strong_offensive_override
highvol_high_stock,WARNING,prob_high_vol>0.60 but stock>=80%.,0.82,0.614,BULL,2025-11-25,WATCH,scheduled
highvol_high_stock,WARNING,prob_high_vol>0.60 but stock>=80%.,0.82,0.637,BULL,2025-11-26,CUSTOM,not_rebalance_day
highvol_high_stock,WARNING,prob_high_vol>0.60 but stock>=80%.,0.82,0.6559,BULL,2025-11-28,CUSTOM,not_rebalance_day
highvol_high_stock,WARNING,prob_high_vol>0.60 but stock>=80%.,0.82,0.6702,BULL,2025-12-01,CUSTOM,not_rebalance_day
highvol_high_stock,WARNING,prob_high_vol>0.60 but stock>=80%.,0.82,0.684,BULL,2025-12-02,CUSTOM,not_rebalance_day
highvol_high_stock,WARNING,prob_high_vol>0.60 but stock>=80%.,0.82,0.6833,BULL,2025-12-03,CUSTOM,no_trade_band
highvol_high_stock,WARNING,prob_high_vol>0.60 but stock>=80%.,0.82,0.6493,BULL,2025-12-04,CUSTOM,not_rebalance_day
highvol_high_stock,WARNING,prob_high_vol>0.60 but stock>=80%.,0.82,0.6032,BULL,2025-12-05,CUSTOM,not_rebalance_day
midtrend_bear_high_stock,WARNING,mid_trend=BEAR but stock>=80%. Check trend context or policy override.,0.96,0.398,BEAR,2025-12-12,NORMAL,strong_offensive_override
midtrend_bear_high_stock,WARNING,mid_trend=BEAR but stock>=80%. Check trend context or policy override.,0.96,0.3698,BEAR,2025-12-15,NORMAL,strong_offensive_override
midtrend_bear_high_stock,WARNING,mid_trend=BEAR but stock>=80%. Check trend context or policy override.,0.96,0.3477,BEAR,2025-12-16,NORMAL,strong_offensive_override
midtrend_bear_high_stock,WARNING,mid_trend=BEAR but stock>=80%. Check trend context or policy override.,0.96,0.317,BEAR,2025-12-17,NORMAL,strong_offensive_override
midtrend_bear_high_stock,WARNING,mid_trend=BEAR but stock>=80%. Check trend context or policy override.,0.96,0.2904,BEAR,2025-12-18,NORMAL,strong_offensive_override
midtrend_bear_high_stock,WARNING,mid_trend=BEAR but stock>=80%. Check trend context or policy override.,0.86,0.2057,BEAR,2026-01-08,CUSTOM,not_rebalance_day
midtrend_bear_high_stock,WARNING,mid_trend=BEAR but stock>=80%. Check trend context or policy override.,0.86,0.2071,BEAR,2026-01-14,CUSTOM,not_rebalance_day
midtrend_bear_high_stock,WARNING,mid_trend=BEAR but stock>=80%. Check trend context or policy override.,1.0,0.2062,BEAR,2026-01-20,NORMAL,strong_offensive_override
midtrend_bear_high_stock,WARNING,mid_trend=BEAR but stock>=80%. Check trend context or policy override.,1.0,0.2042,BEAR,2026-01-22,NORMAL,strong_offensive_override
midtrend_bear_high_stock,WARNING,mid_trend=BEAR but stock>=80%. Check trend context or policy override.,0.86,0.2164,BEAR,2026-02-03,CUSTOM,not_rebalance_day
midtrend_bear_high_stock,WARNING,mid_trend=BEAR but stock>=80%. Check trend context or policy override.,0.86,0.211,BEAR,2026-02-04,CUSTOM,not_rebalance_day
midtrend_bear_high_stock,WARNING,mid_trend=BEAR but stock>=80%. Check trend context or policy override.,1.0,0.2182,BEAR,2026-02-05,NORMAL,strong_offensive_override
midtrend_bear_high_stock,WARNING,mid_trend=BEAR but stock>=80%. Check trend context or policy override.,0.96,0.3478,BEAR,2026-03-16,NORMAL,strong_offensive_override
midtrend_bear_high_stock,WARNING,mid_trend=BEAR but stock>=80%. Check trend context or policy override.,0.96,0.3341,BEAR,2026-03-17,NORMAL,strong_offensive_override
midtrend_bear_high_stock,WARNING,mid_trend=BEAR but stock>=80%. Check trend context or policy override.,0.96,0.3125,BEAR,2026-03-18,NORMAL,strong_offensive_override
midtrend_bear_high_stock,WARNING,mid_trend=BEAR but stock>=80%. Check trend context or policy override.,0.96,0.2947,BEAR,2026-03-19,NORMAL,strong_offensive_override
midtrend_bear_high_stock,WARNING,mid_trend=BEAR but stock>=80%. Check trend context or policy override.,1.0,0.2849,BEAR,2026-03-20,NORMAL,strong_offensive_override
midtrend_bear_high_stock,WARNING,mid_trend=BEAR but stock>=80%. Check trend context or policy override.,1.0,0.2772,BEAR,2026-03-23,NORMAL,strong_offensive_override
midtrend_bear_high_stock,WARNING,mid_trend=BEAR but stock>=80%. Check trend context or policy override.,1.0,0.2717,BEAR,2026-03-24,NORMAL,strong_offensive_override
midtrend_bear_high_stock,WARNING,mid_trend=BEAR but stock>=80%. Check trend context or policy override.,1.0,0.2695,BEAR,2026-03-25,NORMAL,strong_offensive_override
midtrend_bear_high_stock,WARNING,mid_trend=BEAR but stock>=80%. Check trend context or policy override.,1.0,0.2622,BEAR,2026-03-26,NORMAL,strong_offensive_override
midtrend_bear_high_stock,WARNING,mid_trend=BEAR but stock>=80%. Check trend context or policy override.,1.0,0.2532,BEAR,2026-03-27,NORMAL,strong_offensive_override
midtrend_bear_high_stock,WARNING,mid_trend=BEAR but stock>=80%. Check trend context or policy override.,1.0,0.24,BEAR,2026-03-30,NORMAL,strong_offensive_override
midtrend_bear_high_stock,WARNING,mid_trend=BEAR but stock>=80%. Check trend context or policy override.,1.0,0.2369,BEAR,2026-03-31,NORMAL,strong_offensive_override
midtrend_bear_high_stock,WARNING,mid_trend=BEAR but stock>=80%. Check trend context or policy override.,1.0,0.229,BEAR,2026-04-01,NORMAL,strong_offensive_override
midtrend_bear_high_stock,WARNING,mid_trend=BEAR but stock>=80%. Check trend context or policy override.,1.0,0.2271,BEAR,2026-04-02,NORMAL,strong_offensive_override
midtrend_bear_high_stock,WARNING,mid_trend=BEAR but stock>=80%. Check trend context or policy override.,1.0,0.213,BEAR,2026-04-06,NORMAL,strong_offensive_override
midtrend_bear_high_stock,WARNING,mid_trend=BEAR but stock>=80%. Check trend context or policy override.,1.0,0.2011,BEAR,2026-04-07,NORMAL,strong_offensive_override
midtrend_bear_high_stock,WARNING,mid_trend=BEAR but stock>=80%. Check trend context or policy override.,1.0,0.1911,BEAR,2026-04-08,NORMAL,strong_offensive_override
midtrend_bear_high_stock,WARNING,mid_trend=BEAR but stock>=80%. Check trend context or policy override.,1.0,0.1813,BEAR,2026-04-09,NORMAL,strong_offensive_override
